   0.0000000000000000e+00
   3.0008877464064096e-02
   6.0014752188986005e-02
   9.0014621736082726e-02
   1.2000548426755948e-01
   1.4998433884687884e-01
   1.7994818573903931e-01
   2.0989402671073404e-01
   2.3981886533035918e-01
   2.6971970726784167e-01
   2.9959356059425735e-01
   3.2943743608120796e-01
   3.5924834749992895e-01
   3.8902331192009609e-01
   4.1875935000830289e-01
   4.4845348632617754e-01
   4.7810274962811034e-01
   5.0770417315856187e-01
   5.3725479494892103e-01
   5.6675165811388495e-01
   5.9619181114733033e-01
   6.2557230821764520e-01
   6.5489020946249488e-01
   6.8414258128298866e-01
   7.1332649663722125e-01
   7.4243903533315758e-01
   7.7147728432083196e-01
   8.0043833798383224e-01
   8.2931929843004215e-01
   8.5811727578160801e-01
   8.8682938846410542e-01
   9.1545276349487370e-01
   9.4398453677049277e-01
   9.7242185335336939e-01
   1.0007618677574066e+00
   1.0290017442327284e+00
   1.0571386570494306e+00
   1.0851697907803255e+00
   1.1130923405826616e+00
   1.1409035124787787e+00
   1.1686005236356789e+00
   1.1961806026434809e+00
   1.2236409897927325e+00
   1.2509789373505524e+00
   1.2781917098355715e+00
   1.3052765842916516e+00
   1.3322308505603466e+00
   1.3590518115520889e+00
   1.3857367835160612e+00
   1.4122830963087396e+00
   1.4386880936610720e+00
   1.4649491334442681e+00
   1.4910635879341769e+00
   1.5170288440742192e+00
   1.5428423037368573e+00
   1.5685013839835640e+00
   1.5940035173232792e+00
   1.6193461519693177e+00
   1.6445267520947016e+00
   1.6695427980859034e+00
   1.6943917867949607e+00
   1.7190712317899450e+00
   1.7435786636037611e+00
   1.7679116299812425e+00
   1.7920676961245305e+00
   1.8160444449367048e+00
   1.8398394772636388e+00
   1.8634504121340678e+00
   1.8868748869978296e+00
   1.9101105579622659e+00
   1.9331551000267573e+00
   1.9560062073153657e+00
   1.9786615933075649e+00
   2.0011189910670324e+00
   2.0233761534684858e+00
   2.0454308534225287e+00
   2.0672808840985049e+00
   2.0889240591453087e+00
   2.1103582129101617e+00
   2.1315812006553090e+00
   2.1525908987726243e+00
   2.1733852049961047e+00
   2.1939620386122245e+00
   2.2143193406681356e+00
   2.2344550741776890e+00
   2.2543672243252626e+00
   2.2740537986673615e+00
   2.2935128273319894e+00
   2.3127423632157580e+00
   2.3317404821787120e+00
   2.3505052832368682e+00
   2.3690348887524282e+00
   2.3873274446216559e+00
   2.4053811204604085e+00
   2.4231941097872802e+00
   2.4407646302043675e+00
   2.4580909235756168e+00
   2.4751712562027457e+00
   2.4920039189987220e+00
   2.5085872276587766e+00
   2.5249195228289363e+00
   2.5409991702720647e+00
   2.5568245610313847e+00
   2.5723941115914735e+00
   2.5877062640367128e+00
   2.6027594862071757e+00
   2.6175522718519386e+00
   2.6320831407797960e+00
   2.6463506390073741e+00
   2.6603533389046188e+00
   2.6740898393376433e+00
   2.6875587658089319e+00
   2.7007587705948741e+00
   2.7136885328806168e+00
   2.7263467588922312e+00
   2.7387321820261672e+00
   2.7508435629759940e+00
   2.7626796898564052e+00
   2.7742393783244843e+00
   2.7855214716982095e+00
   2.7965248410721961e+00
   2.8072483854306540e+00
   2.8176910317575592e+00
   2.8278517351440207e+00
   2.8377294788928360e+00
   2.8473232746202233e+00
   2.8566321623547211e+00
   2.8656552106332445e+00
   2.8743915165942902e+00
   2.8828402060682752e+00
   2.8910004336650115e+00
   2.8988713828582942e+00
   2.9064522660676064e+00
   2.9137423247369254e+00
   2.9207408294106241e+00
   2.9274470798064636e+00
   2.9338604048856611e+00
   2.9399801629200404e+00
   2.9458057415562395e+00
   2.9513365578769863e+00
   2.9565720584594253e+00
   2.9615117194304941e+00
   2.9661550465193436e+00
   2.9705015751067947e+00
   2.9745508702718313e+00
   2.9783025268351144e+00
   2.9817561693995307e+00
   2.9849114523877502e+00
   2.9877680600768102e+00
   2.9903257066297027e+00
   2.9925841361239791e+00
   2.9945431225773564e+00
   2.9962024699703291e+00
   2.9975620122657851e+00
   2.9986216134256178e+00
   2.9993811674243398e+00
   2.9998405982596896e+00
   2.9999998599602398e+00
   2.9998589365899941e+00
   2.9994178422499842e+00
   2.9986766210768572e+00
   2.9976353472384605e+00
   2.9962941249264188e+00
   2.9946530883457099e+00
   2.9927124017012354e+00
   2.9904722591813906e+00
   2.9879328849386333e+00
   2.9850945330670537e+00
   2.9819574875769508e+00
   2.9785220623664137e+00
   2.9747886011899118e+00
   2.9707574776238985e+00
   2.9664290950294303e+00
   2.9618038865118059e+00
   2.9568823148772285e+00
   2.9516648725864982e+00
   2.9461520817057343e+00
   2.9403444938541345e+00
   2.9342426901487841e+00
   2.9278472811465042e+00
   2.9211589067827584e+00
   2.9141782363076225e+00
   2.9069059682188159e+00
   2.8993428301918094e+00
   2.8914895790070134e+00
   2.8833470004740520e+00
   2.8749159093531342e+00
   2.8661971492735283e+00
   2.8571915926491451e+00
   2.8479001405912436e+00
   2.8383237228182669e+00
   2.8284632975628075e+00
   2.8183198514757293e+00
   2.8078943995274406e+00
   2.7971879849063335e+00
   2.7862016789144026e+00
   2.7749365808600457e+00
   2.7633938179480673e+00
   2.7515745451668892e+00
   2.7394799451729792e+00
   2.7271112281725123e+00
   2.7144696318002746e+00
   2.7015564209958267e+00
   2.6883728878769286e+00
   2.6749203516102491e+00
   2.6612001582793687e+00
   2.6472136807500868e+00
   2.6329623185330511e+00
   2.6184474976437202e+00
   2.6036706704596737e+00
   2.5886333155752874e+00
   2.5733369376537749e+00
   2.5577830672766400e+00
   2.5419732607905141e+00
   2.5259091001514316e+00
   2.5095921927665334e+00
   2.4930241713332286e+00
   2.4762066936758238e+00
   2.4591414425796385e+00
   2.4418301256226203e+00
   2.4242744750044865e+00
   2.4064762473733943e+00
   2.3884372236501661e+00
   2.3701592088500907e+00
   2.3516440319023095e+00
   2.3328935454668103e+00
   2.3139096257490461e+00
   2.2946941723122003e+00
   2.2752491078871131e+00
   2.2555763781798897e+00
   2.2356779516772072e+00
   2.2155558194493485e+00
   2.1952119949509719e+00
   2.1746485138196352e+00
   2.1538674336721155e+00
   2.1328708338985152e+00
   2.1116608154541954e+00
   2.0902395006495507e+00
   2.0686090329376494e+00
   2.0467715766997516e+00
   2.0247293170287426e+00
   2.0024844595104851e+00
   1.9800392300031258e+00
   1.9573958744143725e+00
   1.9345566584767653e+00
   1.9115238675209603e+00
   1.8882998062470602e+00
   1.8648867984939996e+00
   1.8412871870070182e+00
   1.8175033332032409e+00
   1.7935376169353909e+00
   1.7693924362536588e+00
   1.7450702071657482e+00
   1.7205733633951263e+00
   1.6959043561375011e+00
   1.6710656538155526e+00
   1.6460597418319327e+00
   1.6208891223205790e+00
   1.5955563138963424e+00
   1.5700638514029719e+00
   1.5444142856594718e+00
   1.5186101832048653e+00
   1.4926541260413799e+00
   1.4665487113760898e+00
   1.4402965513610331e+00
   1.4139002728318364e+00
   1.3873625170448709e+00
   1.3606859394129582e+00
   1.3338732092396719e+00
   1.3069270094522394e+00
   1.2798500363330834e+00
   1.2526449992500277e+00
   1.2253146203851943e+00
   1.1978616344626150e+00
   1.1702887884745925e+00
   1.1425988414068304e+00
   1.1147945639623655e+00
   1.0868787382843259e+00
   1.0588541576775428e+00
   1.0307236263290520e+00
   1.0024899590275003e+00
   9.7415598088149191e-01
   9.4572452703690424e-01
   9.1719844239319892e-01
   8.8858058131875484e-01
   8.5987380736525676e-01
   8.3108099298116267e-01
   8.0220501922428156e-01
   7.7324877547349091e-01
   7.4421515913962044e-01
   7.1510707537552787e-01
   6.8592743678541246e-01
   6.5667916313336927e-01
   6.2736518105123373e-01
   5.9798842374573846e-01
   5.6855183070501092e-01
   5.3905834740444403e-01
   5.0951092501196649e-01
   4.7991252009274377e-01
   4.5026609431333953e-01
   4.2057461414536740e-01
   3.9084105056865542e-01
   3.6106837877397302e-01
   3.3125957786532267e-01
   3.0141763056184734e-01
   2.7154552289937434e-01
   2.4164624393162776e-01
   2.1172278543113843e-01
   1.8177814158988229e-01
   1.5181530871967630e-01
   1.2183728495236265e-01
   9.1847069939811538e-02
   6.1847664553766016e-02
   3.1842070585577420e-02
   1.8332904458357529e-03
  -2.8175673136055238e-02
  -5.8181817412336266e-02
  -8.8182139917352562e-02
  -1.1817363876798564e-01
  -1.4815331296402684e-01
  -1.7811816268846245e-01
  -2.0806518960764053e-01
  -2.3799139717128931e-01
  -2.6789379091235566e-01
  -2.9776937874664172e-01
  -3.2761517127219031e-01
  -3.5742818206841476e-01
  -3.8720542799492341e-01
  -4.1694392949001852e-01
  -4.4664071086883550e-01
  -4.7629280062109558e-01
  -5.0589723170843959e-01
  -5.3545104186131542e-01
  -5.6495127387538746e-01
  -5.9439497590743773e-01
  -6.2377920177073864e-01
  -6.5310101122984443e-01
  -6.8235747029480220e-01
  -7.1154565151472993e-01
  -7.4066263427074275e-01
  -7.6970550506819468e-01
  -7.9867135782820786e-01
  -8.2755729417845991e-01
  -8.5636042374319954e-01
  -8.8507786443246350e-01
  -9.1370674273046060e-01
  -9.4224419398310688e-01
  -9.7068736268465949e-01
  -9.9903340276344887e-01
  -1.0272794778666601e+00
  -1.0554227616441429e+00
  -1.0834604380312216e+00
  -1.1113897015304746e+00
  -1.1392077574924580e+00
  -1.1669118223953423e+00
  -1.1944991241234371e+00
  -1.2219669022445723e+00
  -1.2493124082863118e+00
  -1.2765329060109751e+00
  -1.3036256716894210e+00
  -1.3305879943735957e+00
  -1.3574171761677916e+00
  -1.3841105324986049e+00
  -1.4106653923835575e+00
  -1.4370790986983606e+00
  -1.4633490084427909e+00
  -1.4894724930051533e+00
  -1.5154469384253049e+00
  -1.5412697456562108e+00
  -1.5669383308240141e+00
  -1.5924501254865746e+00
  -1.6178025768904780e+00
  -1.6429931482264657e+00
  -1.6680193188832737e+00
  -1.6928785846998480e+00
  -1.7175684582159163e+00
  -1.7420864689208868e+00
  -1.7664301635010520e+00
  -1.7905971060850709e+00
  -1.8145848784877063e+00
  -1.8383910804517964e+00
  -1.8620133298884205e+00
  -1.8854492631152628e+00
  -1.9086965350931218e+00
  -1.9317528196605607e+00
  -1.9546158097666670e+00
  -1.9772832177018991e+00
  -1.9997527753269999e+00
  -2.0220222342999477e+00
  -2.0440893663009332e+00
  -2.0659519632553249e+00
  -2.0876078375546179e+00
  -2.1090548222753234e+00
  -2.1302907713957993e+00
  -2.1513135600109821e+00
  -2.1721210845450112e+00
  -2.1927112629617147e+00
  -2.2130820349729410e+00
  -2.2332313622447151e+00
  -2.2531572286011992e+00
  -2.2728576402264302e+00
  -2.2923306258638338e+00
  -2.3115742370134584e+00
  -2.3305865481269583e+00
  -2.3493656568002561e+00
  -2.3679096839639113e+00
  -2.3862167740711318e+00
  -2.4042850952834538e+00
  -2.4221128396540341e+00
  -2.4396982233085502e+00
  -2.4570394866237120e+00
  -2.4741348944033152e+00
  -2.4909827360518859e+00
  -2.5075813257458295e+00
  -2.5239290026021299e+00
  -2.5400241308445297e+00
  -2.5558650999672210e+00
  -2.5714503248959799e+00
  -2.5867782461467876e+00
  -2.6018473299818607e+00
  -2.6166560685631306e+00
  -2.6312029801031169e+00
  -2.6454866090131919e+00
  -2.6595055260492400e+00
  -2.6732583284546583e+00
  -2.6867436401007305e+00
  -2.6999601116243150e+00
  -2.7129064205628715e+00
  -2.7255812714867820e+00
  -2.7379833961289832e+00
  -2.7501115535118594e+00
  -2.7619645300714284e+00
  -2.7735411397787662e+00
  -2.7848402242586818e+00
  -2.7958606529056325e+00
  -2.8066013229968476e+00
  -2.8170611598026754e+00
  -2.8272391166941135e+00
  -2.8371341752475465e+00
  -2.8467453453466423e+00
  -2.8560716652814326e+00
  -2.8651122018445347e+00
  -2.8738660504245388e+00
  -2.8823323350965184e+00
  -2.8905102087096788e+00
  -2.8983988529721270e+00
  -2.9059974785327447e+00
  -2.9133053250601813e+00
  -2.9203216613189258e+00
  -2.9270457852424805e+00
  -2.9334770240036079e+00
  -2.9396147340816583e+00
  -2.9454583013269566e+00
  -2.9510071410222611e+00
  -2.9562606979412664e+00
  -2.9612184464041627e+00
  -2.9658798903302364e+00
  -2.9702445632875065e+00
  -2.9743120285393996e+00
  -2.9780818790884482e+00
  -2.9815537377170171e+00
  -2.9847272570250469e+00
  -2.9876021194648170e+00
  -2.9901780373727189e+00
  -2.9924547529980408e+00
  -2.9944320385287577e+00
  -2.9961096961143294e+00
  -2.9974875578854934e+00
  -2.9985654859710653e+00
  -2.9993433725117340e+00
  -2.9998211396708543e+00
  -2.9999987396422343e+00
  -2.9998761546549195e+00
  -2.9994533969749719e+00
  -2.9987305089042406e+00
  -2.9977075627761325e+00
  -2.9963846609483702e+00
  -2.9947619357927531e+00
  -2.9928395496819102e+00
  -2.9906176949730550e+00
  -2.9880965939887347e+00
  -2.9852764989945872e+00
  -2.9821576921740975e+00
  -2.9787404856003628e+00
  -2.9750252212048638e+00
  -2.9710122707432536e+00
  -2.9667020357581566e+00
  -2.9620949475389922e+00
  -2.9571914670788155e+00
  -2.9519920850281918e+00
  -2.9464973216461026e+00
  -2.9407077267478847e+00
  -2.9346238796502173e+00
  -2.9282463891131520e+00
  -2.9215758932792020e+00
  -2.9146130596094855e+00
  -2.9073585848169428e+00
  -2.8998131947966153e+00
  -2.8919776445530192e+00
  -2.8838527181245923e+00
  -2.8754392285052424e+00
  -2.8667380175630042e+00
  -2.8577499559557902e+00
  -2.8484759430442801e+00
  -2.8389169068019240e+00
  -2.8290738037220913e+00
  -2.8189476187223583e+00
  -2.8085393650459607e+00
  -2.7978500841604013e+00
  -2.7868808456532443e+00
  -2.7756327471250870e+00
  -2.7641069140797310e+00
  -2.7523044998115687e+00
  -2.7402266852901742e+00
  -2.7278746790421420e+00
  -2.7152497170301499e+00
  -2.7023530625292986e+00
  -2.6891860060006936e+00
  -2.6757498649623312e+00
  -2.6620459838572543e+00
  -2.6480757339190371e+00
  -2.6338405130345639e+00
  -2.6193417456041641e+00
  -2.6045808823990839e+00
  -2.5895594004163112e+00
  -2.5742788027307970e+00
  -2.5587406183450421e+00
  -2.5429464020361152e+00
  -2.5268977342000674e+00
  -2.5105962206938073e+00
  -2.4940434926744026e+00
  -2.4772412064358784e+00
  -2.4601910432434728e+00
  -2.4428947091654125e+00
  -2.4253539349022040e+00
  -2.4075704756134479e+00
  -2.3895461107422253e+00
  -2.3712826438370325e+00
  -2.3527819023713263e+00
  -2.3340457375606527e+00
  -2.3150760241774218e+00
  -2.2958746603633049e+00
  -2.2764435674393120e+00
  -2.2567846897135357e+00
  -2.2368999942865986e+00
  -2.2167914708548331e+00
  -2.1964611315111719e+00
  -2.1759110105438322e+00
  -2.1551431642327459e+00
  -2.1341596706438182e+00
  -2.1129626294209802e+00
  -2.0915541615761071e+00
  -2.0699364092767745e+00
  -2.0481115356319224e+00
  -2.0260817244753961e+00
  -2.0038491801474381e+00
  -1.9814161272741204e+00
  -1.9587848105447319e+00
  -1.9359574944871871e+00
  -1.9129364632414181e+00
  -1.8897240203308341e+00
  -1.8663224884318124e+00
  -1.8427342091413026e+00
  -1.8189615427425081e+00
  -1.7950068679687248e+00
  -1.7708725817653088e+00
  -1.7465610990498477e+00
  -1.7220748524705061e+00
  -1.6974162921626177e+00
  -1.6725878855035252e+00
  -1.6475921168656780e+00
  -1.6224314873680559e+00
  -1.5971085146258881e+00
  -1.5716257324987519e+00
  -1.5459856908370146e+00
  -1.5201909552267079e+00
  -1.4942441067327921e+00
  -1.4681477416409108e+00
  -1.4419044711975841e+00
  -1.4155169213489316e+00
  -1.3889877324779203e+00
  -1.3623195591401496e+00
  -1.3355150697982494e+00
  -1.3085769465548500e+00
  -1.2815078848842265e+00
  -1.2543105933625649e+00
  -1.2269877933969580e+00
  -1.1995422189530751e+00
  -1.1719766162816192e+00
  -1.1442937436435126e+00
  -1.1164963710339098e+00
  -1.0885872799050340e+00
  -1.0605692628878425e+00
  -1.0324451235126118e+00
  -1.0042176759283914e+00
  -9.7588974462143563e-01
  -9.4746416413255963e-01
  -9.1894377877353195e-01
  -8.9033144234244654e-01
  -8.6163001783818816e-01
  -8.3284237717393717e-01
  -8.0397140088980901e-01
  -7.7501997786463017e-01
  -7.4599100502685434e-01
  -7.1688738706471111e-01
  -6.8771203613553733e-01
  -6.5846787157440234e-01
  -6.2915781960197426e-01
  -5.9978481303173703e-01
  -5.7035179097650834e-01
  -5.4086169855436739e-01
  -5.1131748659394305e-01
  -4.8172211133915710e-01
  -4.5207853415342503e-01
  -4.2238972122331864e-01
  -3.9265864326178579e-01
  -3.6288827521087419e-01
  -3.3308159594407516e-01
  -3.0324158796823136e-01
  -2.7337123712512307e-01
  -2.4347353229267854e-01
  -2.1355146508592343e-01
  -1.8360802955761571e-01
  -1.5364622189866398e-01
  -1.2366904013833116e-01
  -9.3679483844228348e-02
  -6.3680553822193994e-02
  -3.3675251816007071e-02
  -3.6665802070487089e-03
   2.6342458286142460e-02
   5.6348860908306070e-02
   8.6349625167942146e-02
   1.1634174913772415e-01
   1.4632223175489828e-01
   1.7628807312155351e-01
   2.0623627480481521e-01
   2.3616384013686528e-01
   2.6606777451478603e-01
   2.9594508570022360e-01
   3.2579278411877532e-01
   3.5560788315915287e-01
   3.8538739947200629e-01
   4.1512835326846409e-01
   4.4482776861827522e-01
   4.7448267374760644e-01
   5.0409010133638210e-01
   5.3364708881521739e-01
   5.6315067866185087e-01
   5.9259791869707046e-01
   6.2198586238013220e-01
   6.5131156910357546e-01
   6.8057210448748517e-01
   7.0976454067309114e-01
   7.3888595661575440e-01
   7.6793343837723160e-01
   7.9690407941726948e-01
   8.2579498088441683e-01
   8.5460325190610709e-01
   8.8332600987791632e-01
   9.1196038075199348e-01
   9.4050349932466071e-01
   9.6895250952308953e-01
   9.9730456469110551e-01
   1.0255568278740086e+00
   1.0537064721024638e+00
   1.0817506806753530e+00
   1.1096866474416378e+00
   1.1375115770811295e+00
   1.1652226853842089e+00
   1.1928171995304133e+00
   1.2202923583658813e+00
   1.2476454126796561e+00
   1.2748736254787567e+00
   1.3019742722620651e+00
   1.3289446412929253e+00
   1.3557820338705038e+00
   1.3824837645998072e+00
   1.4090471616604052e+00
   1.4354695670737607e+00
   1.4617483369692055e+00
   1.4878808418484857e+00
   1.5138644668488650e+00
   1.5396966120047906e+00
   1.5653746925080290e+00
   1.5908961389663276e+00
   1.6162583976604914e+00
   1.6414589307999332e+00
   1.6664952167765890e+00
   1.6913647504172535e+00
   1.7160650432342341e+00
   1.7405936236743680e+00
   1.7649480373663242e+00
   1.7891258473661855e+00
   1.8131246344013077e+00
   1.8369419971123788e+00
   1.8605755522937222e+00
   1.8840229351317441e+00
   1.9072817994415803e+00
   1.9303498179018419e+00
   1.9532246822875070e+00
   1.9759041037008691e+00
   1.9983858128005838e+00
   2.0206675600287354e+00
   2.0427471158359261e+00
   2.0646222709043833e+00
   2.0862908363690083e+00
   2.1077506440364191e+00
   2.1289995466018832e+00
   2.1500354178641974e+00
   2.1708561529384260e+00
   2.1914596684665315e+00
   2.2118439028258239e+00
   2.2320068163352675e+00
   2.2519463914595583e+00
   2.2716606330110141e+00
   2.2911475683492131e+00
   2.3104052475783727e+00
   2.3294317437424725e+00
   2.3482251530180540e+00
   2.3667835949047342e+00
   2.3851052124133596e+00
   2.4031881722518325e+00
   2.4210306650085371e+00
   2.4386309053334108e+00
   2.4559871321165723e+00
   2.4730976086645526e+00
   2.4899606228740687e+00
   2.5065744874033351e+00
   2.5229375398409095e+00
   2.5390481428720286e+00
   2.5549046844424494e+00
   2.5705055779197430e+00
   2.5858492622520686e+00
   2.6009342021243627e+00
   2.6157588881119764e+00
   2.6303218368317007e+00
   2.6446215910902038e+00
   2.6586567200298394e+00
   2.6724258192718144e+00
   2.6859275110567236e+00
   2.6991604443823998e+00
   2.7121232951391079e+00
   2.7248147662420275e+00
   2.7372335877610512e+00
   2.7493785170478473e+00
   2.7612483388602067e+00
   2.7728418654836400e+00
   2.7841579368502236e+00
   2.7951954206546770e+00
   2.8059532124676609e+00
   2.8164302358462954e+00
   2.8266254424418609e+00
   2.8365378121047073e+00
   2.8461663529863230e+00
   2.8555101016385902e+00
   2.8645681231101796e+00
   2.8733395110401112e+00
   2.8818233877484412e+00
   2.8900189043240863e+00
   2.8979252407097684e+00
   2.9055416057840664e+00
   2.9128672374405831e+00
   2.9199014026641970e+00
   2.9266433976044146e+00
   2.9330925476457943e+00
   2.9392482074754525e+00
   2.9451097611476325e+00
   2.9506766221453402e+00
   2.9559482334390266e+00
   2.9609240675423325e+00
   2.9656036265648638e+00
   2.9699864422620115e+00
   2.9740720760818098e+00
   2.9778601192088132e+00
   2.9813501926050066e+00
   2.9845419470477292e+00
   2.9874350631646234e+00
   2.9900292514655851e+00
   2.9923242523717368e+00
   2.9943198362413979e+00
   2.9960158033930648e+00
   2.9974119841253883e+00
   2.9985082387341588e+00
   2.9993044575262817e+00
   2.9998005608307556e+00
   2.9999964990066421e+00
   2.9998922524480358e+00
   2.9994878315860247e+00
   2.9987832768876448e+00
   2.9977786588518334e+00
   2.9964740780023740e+00
   2.9948696648778377e+00
   2.9929655800185215e+00
   2.9907620139503832e+00
   2.9882591871659785e+00
   2.9854573501023980e+00
   2.9823567831162068e+00
   2.9789577964553935e+00
   2.9752607302283227e+00
   2.9712659543697093e+00
   2.9669738686035965e+00
   2.9623849024033588e+00
   2.9574995149487346e+00
   2.9523181950798723e+00
   2.9468414612484195e+00
   2.9410698614656461e+00
   2.9350039732476083e+00
   2.9286444035573647e+00
   2.9219917887442359e+00
   2.9150467944801361e+00
   2.9078101156929614e+00
   2.9002824764970594e+00
   2.8924646301207662e+00
   2.8843573588310401e+00
   2.8759614738551882e+00
   2.8672778152996905e+00
   2.8583072520661421e+00
   2.8490506817643046e+00
   2.8395090306222910e+00
   2.8296832533938852e+00
   2.8195743332630143e+00
   2.8091832817453590e+00
   2.7985111385871462e+00
   2.7875589716611069e+00
   2.7763278768596313e+00
   2.7648189779850987e+00
   2.7530334266374377e+00
   2.7409724020988913e+00
   2.7286371112160164e+00
   2.7160287882789298e+00
   2.7031486948977927e+00
   2.6899981198765799e+00
   2.6765783790841153e+00
   2.6628908153224127e+00
   2.6489367981922989e+00
   2.6347177239563804e+00
   2.6202350153993210e+00
   2.6054901216854933e+00
   2.5904845182139509e+00
   2.5752197064708096e+00
   2.5596972138790068e+00
   2.5439185936454569e+00
   2.5278854246056501e+00
   2.5115993110656536e+00
   2.4950618826415916e+00
   2.4782747940965795e+00
   2.4612397251751550e+00
   2.4439583804351859e+00
   2.4264324890773175e+00
   2.4086638047719440e+00
   2.3906541054837307e+00
   2.3724051932937198e+00
   2.3539188942189928e+00
   2.3351970580299688e+00
   2.3162415580653049e+00
   2.2970542910444633e+00
   2.2776371768778993e+00
   2.2579921584749680e+00
   2.2381212015495029e+00
   2.2180262944231428e+00
   2.1977094478263499e+00
   2.1771726946972305e+00
   2.1564180899781111e+00
   2.1354477104099141e+00
   2.1142636543243700e+00
   2.0928680414340319e+00
   2.0712630126201912e+00
   2.0494507297186448e+00
   2.0274333753033993e+00
   2.0052131524682508e+00
   1.9827922846063581e+00
   1.9601730151877619e+00
   1.9373576075348939e+00
   1.9143483445961227e+00
   1.8911475287172932e+00
   1.8677574814113662e+00
   1.8441805431261153e+00
   1.8204190730099554e+00
   1.7964754486758563e+00
   1.7723520659634517e+00
   1.7480513386992986e+00
   1.7235756984553650e+00
   1.6989275943056932e+00
   1.6741094925813615e+00
   1.6491238766236935e+00
   1.6239732465357664e+00
   1.5986601189322649e+00
   1.5731870266876362e+00
   1.5475565186826659e+00
   1.5217711595494219e+00
   1.4958335294146536e+00
   1.4697462236415895e+00
   1.4435118525702624e+00
   1.4171330412563017e+00
   1.3906124292082880e+00
   1.3639526701236084e+00
   1.3371564316229438e+00
   1.3102263949833364e+00
   1.2831652548698922e+00
   1.2559757190661676e+00
   1.2286605082031945e+00
   1.2012223554872696e+00
   1.1736640064264545e+00
   1.1459882185558763e+00
   1.1181977611617722e+00
   1.0902954150044128e+00
   1.0622839720398471e+00
   1.0341662351405305e+00
   1.0059450178148852e+00
   9.7762314392574501e-01
   9.4920344740781482e-01
   9.2068877198409260e-01
   8.9208197088134233e-01
   8.6338590654456371e-01
   8.3460345035059236e-01
   8.0573748232077436e-01
   7.7679089083280684e-01
   7.4776657233169175e-01
   7.1866743103993269e-01
   6.8949637866692837e-01
   6.6025633411761719e-01
   6.3095022320042715e-01
   6.0158097833448343e-01
   5.7215153825620624e-01
   5.4266484772524559e-01
   5.1312385722984466e-01
   4.8353152269157706e-01
   4.5389080516959407e-01
   4.2420467056432987e-01
   3.9447608932072387e-01
   3.6470803613101405e-01
   3.3490348963705213e-01
   3.0506543213227716e-01
   2.7519684926329130e-01
   2.4530072973113240e-01
   2.1538006499218754e-01
   1.8543784895888415e-01
   1.5547707770010330e-01
   1.2550074914140941e-01
   9.5511862765040700e-02
   6.5513419309797177e-02
   3.5508420470776493e-02
   5.4998685990136614e-03
  -2.4509233598917782e-02
  -5.4515883361393735e-02
  -8.4517078172179613e-02
  -1.1450981606087787e-01
  -1.4449109590328890e-01
  -1.7445791772174074e-01
  -2.0440728298525027e-01
  -2.3433619490956709e-01
  -2.6424165875704164e-01
  -2.9412068213626297e-01
  -3.2397027530151395e-01
  -3.5378745145190943e-01
  -3.8356922703027080e-01
  -4.1331262202164487e-01
  -4.4301466025152103e-01
  -4.7267236968361087e-01
  -5.0228278271724602e-01
  -5.3184293648430003e-01
  -5.6134987314568963e-01
  -5.9080064018732026e-01
  -6.2019229071552429e-01
  -6.4952188375193831e-01
  -6.7878648452776080e-01
  -7.0798316477744172e-01
  -7.3710900303166904e-01
  -7.6616108490970536e-01
  -7.9513650341098652e-01
  -8.2403235920603080e-01
  -8.5284576092653075e-01
  -8.8157382545467833e-01
  -9.1021367821163468e-01
  -9.3876245344519527e-01
  -9.6721729451652183e-01
  -9.9557535418598753e-01
  -1.0238337948980818e+00
  -1.0519897890653207e+00
  -1.0800405193512104e+00
  -1.1079831789521344e+00
  -1.1358149718782165e+00
  -1.1635331132330737e+00
  -1.1911348294925066e+00
  -1.2186173587820033e+00
  -1.2459779511531017e+00
  -1.2732138688585595e+00
  -1.3003223866262785e+00
  -1.3273007919320285e+00
  -1.3541463852708477e+00
  -1.3808564804271699e+00
  -1.4074284047435923e+00
  -1.4338594993883351e+00
  -1.4601471196212690e+00
  -1.4862886350585618e+00
  -1.5122814299358622e+00
  -1.5381229033700630e+00
  -1.5638104696195323e+00
  -1.5893415583428530e+00
  -1.6147136148560179e+00
  -1.6399241003880394e+00
  -1.6649704923350097e+00
  -1.6898502845124987e+00
  -1.7145609874063354e+00
  -1.7391001284216965e+00
  -1.7634652521305445e+00
  -1.7876539205173030e+00
  -1.8116637132228159e+00
  -1.8354922277865340e+00
  -1.8591370798868931e+00
  -1.8825959035799205e+00
  -1.9058663515359560e+00
  -1.9289460952745392e+00
  -1.9518328253973847e+00
  -1.9745242518194897e+00
  -1.9970181039982648e+00
  -2.0193121311607403e+00
  -2.0414041025287624e+00
  -2.0632918075422362e+00
  -2.0849730560802997e+00
  -2.1064456786804762e+00
  -2.1277075267557564e+00
  -2.1487564728095778e+00
  -2.1695904106487247e+00
  -2.1902072555940655e+00
  -2.2106049446891536e+00
  -2.2307814369066392e+00
  -2.2507347133525153e+00
  -2.2704627774681221e+00
  -2.2899636552299261e+00
  -2.3092353953470495e+00
  -2.3282760694565043e+00
  -2.3470837723161710e+00
  -2.3656566219954223e+00
  -2.3839927600634434e+00
  -2.4020903517751742e+00
  -2.4199475862549167e+00
  -2.4375626766775218e+00
  -2.4549338604471891e+00
  -2.4720593993738209e+00
  -2.4889375798469695e+00
  -2.5055667130072878e+00
  -2.5219451349155273e+00
  -2.5380712067190343e+00
  -2.5539433148157258e+00
  -2.5695598710155667e+00
  -2.5849193126994736e+00
  -2.6000201029756820e+00
  -2.6148607308335157e+00
  -2.6294397112946006e+00
  -2.6437555855614407e+00
  -2.6578069211633961e+00
  -2.6715923121000045e+00
  -2.6851103789816859e+00
  -2.6983597691677561e+00
  -2.7113391569017762e+00
  -2.7240472434442120e+00
  -2.7364827572023813e+00
  -2.7486444538577013e+00
  -2.7605311164901916e+00
  -2.7721415557002445e+00
  -2.7834746097276293e+00
  -2.7945291445677531e+00
  -2.8053040540851235e+00
  -2.8157982601240308e+00
  -2.8260107126164340e+00
  -2.8359403896870239e+00
  -2.8455862977554842e+00
  -2.8549474716359038e+00
  -2.8640229746333596e+00
  -2.8728118986376368e+00
  -2.8813133642141033e+00
  -2.8895265206917049e+00
  -2.8974505462480851e+00
  -2.9050846479918127e+00
  -2.9124280620417293e+00
  -2.9194800536033787e+00
  -2.9262399170425328e+00
  -2.9327069759557993e+00
  -2.9388805832382996e+00
  -2.9447601211484264e+00
  -2.9503450013696506e+00
  -2.9556346650693932e+00
  -2.9606285829549361e+00
  -2.9653262553263926e+00
  -2.9697272121267022e+00
  -2.9738310129886694e+00
  -2.9776372472790236e+00
  -2.9811455341395101e+00
  -2.9843555225249991e+00
  -2.9872668912386127e+00
  -2.9898793489638633e+00
  -2.9921926342938017e+00
  -2.9942065157571776e+00
  -2.9959207918415984e+00
  -2.9973352910136928e+00
  -2.9984498717362773e+00
  -2.9992644224825149e+00
  -2.9997788617470773e+00
  -2.9999931380542999e+00
  -2.9999072299633327e+00
  -2.9995211460702840e+00
  -2.9988349250073632e+00
  -2.9978486354390128e+00
  -2.9965623760550382e+00
  -2.9949762755607341e+00
  -2.9930904926640043e+00
  -2.9909052160594816e+00
  -2.9884206644096469e+00
  -2.9856370863229489e+00
  -2.9825547603289300e+00
  -2.9791739948503531e+00
  -2.9754951281723421e+00
  -2.9715185284085313e+00
  -2.9672445934642351e+00
  -2.9626737509966263e+00
  -2.9578064583719508e+00
  -2.9526432026197567e+00
  -2.9471845003841683e+00
  -2.9414308978721819e+00
  -2.9353829707990169e+00
  -2.9290413243305080e+00
  -2.9224065930225471e+00
  -2.9154794407575975e+00
  -2.9082605606782548e+00
  -2.9007506751178944e+00
  -2.8929505355283940e+00
  -2.8848609224049433e+00
  -2.8764826452079419e+00
  -2.8678165422820072e+00
  -2.8588634807720847e+00
  -2.8496243565366863e+00
  -2.8401000940582422e+00
  -2.8302916463505987e+00
  -2.8201999948636578e+00
  -2.8098261493851706e+00
  -2.7991711479397017e+00
  -2.7882360566847542e+00
  -2.7770219698040934e+00
  -2.7655300093982564e+00
  -2.7537613253722850e+00
  -2.7417170953206478e+00
  -2.7293985244094170e+00
  -2.7168068452556784e+00
  -2.7039433178041872e+00
  -2.6908092292013075e+00
  -2.6774058936662044e+00
  -2.6637346523593495e+00
  -2.6497968732483175e+00
  -2.6355939509709141e+00
  -2.6211273066956133e+00
  -2.6063983879793615e+00
  -2.5914086686227273e+00
  -2.5761596485224412e+00
  -2.5606528535212982e+00
  -2.5448898352554892e+00
  -2.5288721709993385e+00
  -2.5126014635074787e+00
  -2.4960793408544841e+00
  -2.4793074562719486e+00
  -2.4622874879830712e+00
  -2.4450211390347230e+00
  -2.4275101371270518e+00
  -2.4097562344405850e+00
  -2.3917612074609176e+00
  -2.3735268568009493e+00
  -2.3550550070207104e+00
  -2.3363475064448043e+00
  -2.3174062269774436e+00
  -2.2982330639151560e+00
  -2.2788299357571322e+00
  -2.2591987840132681e+00
  -2.2393415730098787e+00
  -2.2192602896931533e+00
  -2.1989569434303329e+00
  -2.1784335658086653e+00
  -2.1576922104320975e+00
  -2.1367349527158033e+00
  -2.1155638896785112e+00
  -2.0941811397326688e+00
  -2.0725888424724852e+00
  -2.0507891584598186e+00
  -2.0287842690079994e+00
  -2.0065763759635602e+00
  -1.9841677014859274e+00
  -1.9615604878250461e+00
  -1.9387569970970340e+00
  -1.9157595110578227e+00
  -1.8925703308748414e+00
  -1.8691917768967712e+00
  -1.8456261884213441e+00
  -1.8218759234612851e+00
  -1.7979433585083573e+00
  -1.7738308882955822e+00
  -1.7495409255575942e+00
  -1.7250759007892351e+00
  -1.7004382620023457e+00
  -1.6756304744808301e+00
  -1.6506550205339516e+00
  -1.6255143992479639e+00
  -1.6002111262360441e+00
  -1.5747477333865736e+00
  -1.5491267686098076e+00
  -1.5233507955829042e+00
  -1.4974223934934126e+00
  -1.4713441567811880e+00
  -1.4451186948788064e+00
  -1.4187486319504314e+00
  -1.3922366066292553e+00
  -1.3655852717534629e+00
  -1.3387972941008042e+00
  -1.3118753541217216e+00
  -1.2848221456711610e+00
  -1.2576403757390131e+00
  -1.2303327641792439e+00
  -1.2029020434377604e+00
  -1.1753509582789685e+00
  -1.1476822655111465e+00
  -1.1198987337105843e+00
  -1.0920031429445756e+00
  -1.0639982844932081e+00
  -1.0358869605700851e+00
  -1.0076719840419255e+00
  -9.7935617814709797e-01
  -9.5094237621314404e-01
  -9.2243342137323958e-01
  -8.9383216628172701e-01
  -8.6514147282866283e-01
  -8.3636421185347287e-01
  -8.0750326285766105e-01
  -7.7856151371670146e-01
  -7.4954186039106196e-01
  -7.2044720663645156e-01
  -6.9128046371323315e-01
  -6.6204455009513941e-01
  -6.3274239117723985e-01
  -6.0337691898321610e-01
  -5.7395107187199890e-01
  -5.4446779424371972e-01
  -5.1493003624511047e-01
  -4.8534075347429573e-01
  -4.5570290668507207e-01
  -4.2601946149061826e-01
  -3.9629338806677195e-01
  -3.6652766085482374e-01
  -3.3672525826388411e-01
  -3.0688916237288016e-01
  -2.7702235863213165e-01
  -2.4712783556464324e-01
  -2.1720858446705701e-01
  -1.8726759911035967e-01
  -1.5730787544028876e-01
  -1.2733241127757450e-01
  -9.7344206017962176e-02
  -6.7346260332108832e-02
  -3.7341575865299029e-02
  -7.3331549371165750e-03
   2.2675999758978119e-02
   5.2682885456107886e-02
   8.2684499614419454e-02
   1.1267784022155469e-01
   1.4265990609301560e-01
   1.7262769717247875e-01
   2.0257821483196459e-01
   2.3250846217191723e-01
   2.6241544432105801e-01
   2.9229616873606790e-01
   3.2214764550100544e-01
   3.5196688762651451e-01
   3.8175091134868627e-01
   4.1149673642762508e-01
   4.4120138644566154e-01
   4.7086188910515697e-01
   5.0047527652594770e-01
   5.3003858554229555e-01
   5.5954885799939791e-01
   5.8900314104936391e-01
   6.1839848744671400e-01
   6.4773195584326426e-01
   6.7700061108244858e-01
   7.0620152449302043e-01
   7.3533177418207996e-01
   7.6438844532747430e-01
   7.9336863046943984e-01
   8.2226942980153650e-01
   8.5108795146078819e-01
   8.7982131181707701e-01
   9.0846663576166442e-01
   9.3702105699488980e-01
   9.6548171831295637e-01
   9.9384577189385870e-01
   1.0221103795823205e+00
   1.0502727131737895e+00
   1.0783299546974383e+00
   1.1062792966981148e+00
   1.1341179425172907e+00
   1.1618431065728814e+00
   1.1894520146379832e+00
   1.2169419041184504e+00
   1.2443100243293528e+00
   1.2715536367701950e+00
   1.2986700153989399e+00
   1.3256564469047860e+00
   1.3525102309796471e+00
   1.3792286805883780e+00
   1.4058091222376248e+00
   1.4322488962433488e+00
   1.4585453569969395e+00
   1.4846958732299682e+00
   1.5106978282774570e+00
   1.5365486203397167e+00
   1.5622456627426686e+00
   1.5877863841967002e+00
   1.6131682290539329e+00
   1.6383886575639490e+00
   1.6634451461279300e+00
   1.6883351875511521e+00
   1.7130562912938874e+00
   1.7376059837205948e+00
   1.7619818083474448e+00
   1.7861813260881003e+00
   1.8102021154978047e+00
   1.8340417730156555e+00
   1.8576979132051143e+00
   1.8811681689927033e+00
   1.9044501919048391e+00
   1.9275416523028515e+00
   1.9504402396160743e+00
   1.9731436625730541e+00
   1.9956496494308000e+00
   2.0179559482021259e+00
   2.0400603268809681e+00
   2.0619605736657345e+00
   2.0836544971806048e+00
   2.1051399266948261e+00
   2.1264147123399053e+00
   2.1474767253247302e+00
   2.1683238581485869e+00
   2.1889540248120243e+00
   2.2093651610256009e+00
   2.2295552244164329e+00
   2.2495221947325597e+00
   2.2692640740450822e+00
   2.2887788869480978e+00
   2.3080646807563516e+00
   2.3271195257006303e+00
   2.3459415151208454e+00
   2.3645287656568366e+00
   2.3828794174368113e+00
   2.4009916342634487e+00
   2.4188636037976377e+00
   2.4364935377398087e+00
   2.4538796720088922e+00
   2.4710202669188255e+00
   2.4879136073526329e+00
   2.5045580029340306e+00
   2.5209517881965895e+00
   2.5370933227503696e+00
   2.5529809914460637e+00
   2.5686132045366175e+00
   2.5839883978362872e+00
   2.5991050328771741e+00
   2.6139615970631551e+00
   2.6285566038212385e+00
   2.6428885927503050e+00
   2.6569561297672548e+00
   2.6707578072504887e+00
   2.6842922441807682e+00
   2.6975580862793884e+00
   2.7105540061437075e+00
   2.7232787033799557e+00
   2.7357309047333609e+00
   2.7479093642155514e+00
   2.7598128632292260e+00
   2.7714402106900993e+00
   2.7827902431460769e+00
   2.7938618248936757e+00
   2.8046538480916570e+00
   2.8151652328718892e+00
   2.8253949274473951e+00
   2.8353419082175968e+00
   2.8450051798707410e+00
   2.8543837754834835e+00
   2.8634767566176533e+00
   2.8722832134141463e+00
   2.8808022646839695e+00
   2.8890330579964116e+00
   2.8969747697643444e+00
   2.9046266053266274e+00
   2.9119877990276266e+00
   2.9190576142938203e+00
   2.9258353437075124e+00
   2.9323203090776087e+00
   2.9385118615074837e+00
   2.9444093814599075e+00
   2.9500122788190355e+00
   2.9553199929494633e+00
   2.9603319927523177e+00
   2.9650477767184049e+00
   2.9694668729783866e+00
   2.9735888393500014e+00
   2.9774132633823078e+00
   2.9809397623969556e+00
   2.9841679835264756e+00
   2.9870976037495902e+00
   2.9897283299235333e+00
   2.9920598988133866e+00
   2.9940920771184145e+00
   2.9958246614954112e+00
   2.9972574785790469e+00
   2.9983903849992171e+00
   2.9992232673953838e+00
   2.9997560424279235e+00
   2.9999886567864626e+00
   2.9999210871952151e+00
   2.9995533404153090e+00
   2.9988854532441089e+00
   2.9979174925115388e+00
   2.9966495550733891e+00
   2.9950817678016297e+00
   2.9932142875717114e+00
   2.9910473012468728e+00
   2.9885810256594367e+00
   2.9858157075891198e+00
   2.9827516237383347e+00
   2.9793890807045051e+00
   2.9757284149493866e+00
   2.9717699927653984e+00
   2.9675142102389742e+00
   2.9629614932109263e+00
   2.9581122972338374e+00
   2.9529671075264767e+00
   2.9475264389252467e+00
   2.9417908358326676e+00
   2.9357608721629087e+00
   2.9294371512843549e+00
   2.9228203059592341e+00
   2.9159109982803058e+00
   2.9087099196046058e+00
   2.9012177904842740e+00
   2.8934353605944478e+00
   2.8853634086582525e+00
   2.8770027423688789e+00
   2.8683541983087699e+00
   2.8594186418659007e+00
   2.8501969671471952e+00
   2.8406900968890536e+00
   2.8308989823650306e+00
   2.8208246032906397e+00
   2.8104679677253261e+00
   2.7998301119715983e+00
   2.7889121004713320e+00
   2.7777150256992664e+00
   2.7662400080536802e+00
   2.7544881957442886e+00
   2.7424607646773467e+00
   2.7301589183379980e+00
   2.7175838876698357e+00
   2.7047369309517424e+00
   2.6916193336719814e+00
   2.6782324083995683e+00
   2.6645774946529412e+00
   2.6506559587659098e+00
   2.6364691937509521e+00
   2.6220186191598187e+00
   2.6073056809415007e+00
   2.5923318512975313e+00
   2.5770986285346842e+00
   2.5616075369150462e+00
   2.5458601265035061e+00
   2.5298579730126374e+00
   2.5136026776450424e+00
   2.4970958669331260e+00
   2.4803391925763436e+00
   2.4633343312759388e+00
   2.4460829845671519e+00
   2.4285868786489755e+00
   2.4108477642114186e+00
   2.3928674162603452e+00
   2.3746476339398432e+00
   2.3561902403522135e+00
   2.3374970823755428e+00
   2.3185700304788979e+00
   2.2994109785351786e+00
   2.2800218436315927e+00
   2.2604045658778413e+00
   2.2405611082119838e+00
   2.2204934562040344e+00
   2.2002036178572624e+00
   2.1796936234072839e+00
   2.1589655251189019e+00
   2.1380213970807715e+00
   2.1168633349978396e+00
   2.0954934559816603e+00
   2.0739138983385477e+00
   2.0521268213556123e+00
   2.0301344050847119e+00
   2.0079388501242912e+00
   1.9855423773991987e+00
   1.9629472279384523e+00
   1.9401556626510121e+00
   1.9171699620995277e+00
   1.8939924262721550e+00
   1.8706253743524095e+00
   1.8470711444871200e+00
   1.8233320935524453e+00
   1.7994105969180587e+00
   1.7753090482094587e+00
   1.7510298590684550e+00
   1.7265754589118740e+00
   1.7019482946884388e+00
   1.6771508306339438e+00
   1.6521855480246677e+00
   1.6270549449291118e+00
   1.6017615359580124e+00
   1.5763078520127412e+00
   1.5506964400320569e+00
   1.5249298627372472e+00
   1.4990106983757179e+00
   1.4729415404629820e+00
   1.4467249975231655e+00
   1.4203636928279857e+00
   1.3938602641342808e+00
   1.3672173634200424e+00
   1.3404376566190743e+00
   1.3135238233542239e+00
   1.2864785566692749e+00
   1.2593045627594464e+00
   1.2320045607006274e+00
   1.2045812821772959e+00
   1.1770374712091767e+00
   1.1493758838766899e+00
   1.1215992880451435e+00
   1.0937104630877967e+00
   1.0657121996077388e+00
   1.0376072991586789e+00
   1.0093985739645874e+00
   9.8108884663831897e-01
   9.5268094989917318e-01
   9.2417772628944195e-01
   8.9558202789000108e-01
   8.6689671603489549e-01
   8.3812466102504868e-01
   8.0926874184104713e-01
   7.8033184585508319e-01
   7.5131686854201041e-01
   7.2222671318963716e-01
   6.9306429060820907e-01
   6.6383251883916816e-01
   6.3453432286313860e-01
   6.0517263430726820e-01
   5.7575039115188009e-01
   5.4627053743648801e-01
   5.1673602296523169e-01
   4.8714980301168287e-01
   4.5751483802315696e-01
   4.2783409332447486e-01
   3.9811053882126857e-01
   3.6834714870277580e-01
   3.3854690114425900e-01
   3.0871277800899838e-01
   2.7884776454991644e-01
   2.4895484911088983e-01
   2.1903702282769866e-01
   1.8909727932874959e-01
   1.5913861443551774e-01
   1.2916402586280104e-01
   9.9176512918731738e-02
   6.9179076204681944e-02
   3.9174717315007657e-02
   9.1664385367255276e-03
  -2.0842757450933114e-02
  -5.0849867876954072e-02
  -8.0851890179007985e-02
  -1.1084582230389714e-01
  -1.4082866300792465e-01
  -1.7079741215723601e-01
  -2.0074907102799622e-01
  -2.3068064260645788e-01
  -2.6058913188882604e-01
  -2.9047154618097548e-01
  -3.2032489539788345e-01
  -3.5014619236283290e-01
  -3.7993245310629387e-01
  -4.0968069716453570e-01
  -4.3938794787783680e-01
  -4.6905123268833882e-01
  -4.9866758343749129e-01
  -5.2823403666303015e-01
  -5.5774763389553761e-01
  -5.8720542195445091e-01
  -6.1660445324357305e-01
  -6.4594178604599328e-01
  -6.7521448481847168e-01
  -7.0441962048515383e-01
  -7.3355427073066404e-01
  -7.6261552029252244e-01
  -7.9160046125283068e-01
  -8.2050619332927388e-01
  -8.4932982416530689e-01
  -8.7806846961957430e-01
  -9.0671925405450682e-01
  -9.3527931062404734e-01
  -9.6374578156051804e-01
  -9.9211581846060848e-01
  -1.0203865825703209e+00
  -1.0485552450691014e+00
  -1.0766189873528260e+00
  -1.1045750013158657e+00
  -1.1324204896321000e+00
  -1.1601526660347514e+00
  -1.1877687555952645e+00
  -1.2152659950009006e+00
  -1.2426416328312690e+00
  -1.2698929298336683e+00
  -1.2970171591971207e+00
  -1.3240116068252532e+00
  -1.3508735716079014e+00
  -1.3776003656913205e+00
  -1.4041893147472138e+00
  -1.4306377582402621e+00
  -1.4569430496943720e+00
  -1.4831025569575136e+00
  -1.5091136624650328e+00
  -1.5349737635016436e+00
  -1.5606802724617963e+00
  -1.5862306171086238e+00
  -1.6116222408313532e+00
  -1.6368526029010593e+00
  -1.6619191787249676e+00
  -1.6868194600990059e+00
  -1.7115509554588071e+00
  -1.7361111901290440e+00
  -1.7604977065709992e+00
  -1.7847080646284952e+00
  -1.8087398417720875e+00
  -1.8325906333414046e+00
  -1.8562580527858343e+00
  -1.8797397319032636e+00
  -1.9030333210770713e+00
  -1.9261364895112609e+00
  -1.9490469254636236e+00
  -1.9717623364771228e+00
  -1.9942804496092226e+00
  -2.0165990116593493e+00
  -2.0387157893943701e+00
  -2.0606285697720113e+00
  -2.0823351601623203e+00
  -2.1038333885670855e+00
  -2.1251211038371207e+00
  -2.1461961758875687e+00
  -2.1670564959109919e+00
  -2.1876999765884051e+00
  -2.2081245522981563e+00
  -2.2283281793225678e+00
  -2.2483088360524897e+00
  -2.2680645231895360e+00
  -2.2875932639461607e+00
  -2.3068931042434775e+00
  -2.3259621129067476e+00
  -2.3447983818586366e+00
  -2.3634000263101598e+00
  -2.3817651849492321e+00
  -2.3998920201269653e+00
  -2.4177787180415011e+00
  -2.4354234889195228e+00
  -2.4528245671953623e+00
  -2.4699802116876217e+00
  -2.4868887057734468e+00
  -2.5035483575602546e+00
  -2.5199575000550452e+00
  -2.5361144913312197e+00
  -2.5520177146928384e+00
  -2.5676655788364133e+00
  -2.5830565180101468e+00
  -2.5981889921705665e+00
  -2.6130614871366706e+00
  -2.6276725147414002e+00
  -2.6420206129805623e+00
  -2.6561043461591387e+00
  -2.6699223050349068e+00
  -2.6834731069594899e+00
  -2.6967553960166759e+00
  -2.7097678431581036e+00
  -2.7225091463362658e+00
  -2.7349780306347631e+00
  -2.7471732483959057e+00
  -2.7590935793455311e+00
  -2.7707378307151163e+00
  -2.7821048373611399e+00
  -2.7931934618816481e+00
  -2.8040025947300720e+00
  -2.8145311543262657e+00
  -2.8247780871647037e+00
  -2.8347423679199251e+00
  -2.8444229995491055e+00
  -2.8538190133918326e+00
  -2.8629294692670424e+00
  -2.8717534555670716e+00
  -2.8802900893489012e+00
  -2.8885385164224839e+00
  -2.8964979114362217e+00
  -2.9041674779595650e+00
  -2.9115464485626861e+00
  -2.9186340848932755e+00
  -2.9254296777504356e+00
  -2.9319325471556210e+00
  -2.9381420424207025e+00
  -2.9440575422130557e+00
  -2.9496784546177448e+00
  -2.9550042171967497e+00
  -2.9600342970452367e+00
  -2.9647681908448948e+00
  -2.9692054249142843e+00
  -2.9733455552562420e+00
  -2.9771881676023115e+00
  -2.9807328774541872e+00
  -2.9839793301221920e+00
  -2.9869272007607717e+00
  -2.9895761944009918e+00
  -2.9919260459800601e+00
  -2.9939765203678448e+00
  -2.9957274123904023e+00
  -2.9971785468505097e+00
  -2.9983297785451928e+00
  -2.9991809922802579e+00
  -2.9997321028818154e+00
  -2.9999830552048041e+00
  -2.9999338241385098e+00
  -2.9995844146090764e+00
  -2.9989348615790128e+00
  -2.9979852300436978e+00
  -2.9967356150248707e+00
  -2.9951861415611285e+00
  -2.9933369646954135e+00
  -2.9911882694594962e+00
  -2.9887402708554633e+00
  -2.9859932138342065e+00
  -2.9829473732709046e+00
  -2.9796030539375278e+00
  -2.9759605904723387e+00
  -2.9720203473464029e+00
  -2.9677827188271286e+00
  -2.9632481289388051e+00
  -2.9584170314201836e+00
  -2.9532899096790723e+00
  -2.9478672767439593e+00
  -2.9421496752126881e+00
  -2.9361376771981624e+00
  -2.9298318842710880e+00
  -2.9232329273997983e+00
  -2.9163414668870975e+00
  -2.9091581923042078e+00
  -2.9016838224217620e+00
  -2.8939191051378730e+00
  -2.8858648174033190e+00
  -2.8775217651437761e+00
  -2.8688907831791979e+00
  -2.8599727351402713e+00
  -2.8507685133819924e+00
  -2.8412790388943945e+00
  -2.8315052612103813e+00
  -2.8214481583107078e+00
  -2.8111087365261431e+00
  -2.8004880304367488e+00
  -2.7895871027683805e+00
  -2.7784070442863413e+00
  -2.7669489736862243e+00
  -2.7552140374820033e+00
  -2.7432034098912759e+00
  -2.7309182927178002e+00
  -2.7183599152312277e+00
  -2.7055295340440866e+00
  -2.6924284329860697e+00
  -2.6790579229755584e+00
  -2.6654193418884375e+00
  -2.6515140544242572e+00
  -2.6373434519696390e+00
  -2.6229089524590887e+00
  -2.6082120002330971e+00
  -2.5932540658936047e+00
  -2.5780366461568844e+00
  -2.5625612637037367e+00
  -2.5468294670271656e+00
  -2.5308428302774164e+00
  -2.5146029531044469e+00
  -2.4981114604978987e+00
  -2.4813700026244794e+00
  -2.4643802546628288e+00
  -2.4471439166359352e+00
  -2.4296627132409845e+00
  -2.4119383936768237e+00
  -2.3939727314689172e+00
  -2.3757675242918626e+00
  -2.3573245937895599e+00
  -2.3386457853928810e+00
  -2.3197329681350611e+00
  -2.3005880344646572e+00
  -2.2812129000561683e+00
  -2.2616095036183967e+00
  -2.2417798067004027e+00
  -2.2217257934952768e+00
  -2.2014494706415779e+00
  -2.1809528670225231e+00
  -2.1602380335630182e+00
  -2.1393070430244174e+00
  -2.1181619897970956e+00
  -2.0968049896909324e+00
  -2.0752381797235433e+00
  -2.0534637179064950e+00
  -2.0314837830293508e+00
  -2.0093005744416339e+00
  -1.9869163118328101e+00
  -1.9643332350101206e+00
  -1.9415536036745165e+00
  -1.9185796971945273e+00
  -1.8954138143781596e+00
  -1.8720582732429194e+00
  -1.8485154107838477e+00
  -1.8247875827396491e+00
  -1.8008771633570322e+00
  -1.7767865451530696e+00
  -1.7525181386758590e+00
  -1.7280743722632954e+00
  -1.7034576918000588e+00
  -1.6786705604729375e+00
  -1.6537154585242870e+00
  -1.6285948830039150e+00
  -1.6033113475191940e+00
  -1.5778673819835212e+00
  -1.5522655323632228e+00
  -1.5265083604227740e+00
  -1.5005984434684385e+00
  -1.4745383740904405e+00
  -1.4483307599034736e+00
  -1.4219782232858424e+00
  -1.3954834011170365e+00
  -1.3688489445138501e+00
  -1.3420775185651741e+00
  -1.3151718020652450e+00
  -1.2881344872456693e+00
  -1.2609682795060038e+00
  -1.2336758971430206e+00
  -1.2062600710787774e+00
  -1.1787235445872783e+00
  -1.1510690730200470e+00
  -1.1232994235303908e+00
  -1.0954173747964853e+00
  -1.0674257167433954e+00
  -1.0393272502638800e+00
  -1.0111247869380997e+00
  -9.8282114875235638e-01
  -9.5441916781664005e-01
  -9.2592168608131242e-01
  -8.9733155505270767e-01
  -8.6865163550777469e-01
  -8.3988479720789389e-01
  -8.1103391861164331e-01
  -7.8210188658684565e-01
  -7.5309159612167376e-01
  -7.2400595003494161e-01
  -6.9484785868570509e-01
  -6.6562023968201611e-01
  -6.3632601758895058e-01
  -6.0696812363604358e-01
  -5.7754949542390288e-01
  -5.4807307663034055e-01
  -5.1854181671579236e-01
  -4.8895867062815779e-01
  -4.5932659850719704e-01
  -4.2964856538824991e-01
  -3.9992754090562316e-01
  -3.7016649899541237e-01
  -3.4036841759789305e-01
  -3.1053627835960607e-01
  -2.8067306633497796e-01
  -2.5078176968759880e-01
  -2.2086537939129630e-01
  -1.9092688893076859e-01
  -1.6096929400212559e-01
  -1.3099559221310270e-01
  -1.0100878278308320e-01
  -7.1011866243065616e-02
  -4.1007844135340539e-02
  -1.0999718713225609e-02
   1.9009507359376933e-02
   4.9016831308463849e-02
   7.9019250550329656e-02
   1.0901376299204216e-01
   1.3899736733186896e-01
   1.6896706335951828e-01
   1.9891985225643008e-01
   2.2885273689576868e-01
   2.5876272214235213e-01
   2.8864681515238233e-01
   3.1850202567283992e-01
   3.4832536634077865e-01
   3.7811385298217215e-01
   4.0786450491054688e-01
   4.3757434522526661e-01
   4.6724040110933196e-01
   4.9685970412693015e-01
   5.2642929052038812e-01
   5.5594620150676211e-01
   5.8540748357393046e-01
   6.1481018877606419e-01
   6.4415137502863473e-01
   6.7342810640283468e-01
   7.0263745341928019e-01
   7.3177649334122141e-01
   7.6084231046692441e-01
   7.8983199642145285e-01
   8.1874265044771466e-01
   8.4757137969664620e-01
   8.7631529951675624e-01
   9.0497153374269801e-01
   9.3353721498309461e-01
   9.6200948490748428e-01
   9.9038549453226954e-01
   1.0186624045058217e+00
   1.0468373853926214e+00
   1.0749076179563062e+00
   1.1028702934418488e+00
   1.1307226138565347e+00
   1.1584617922499660e+00
   1.1860850529929559e+00
   1.2135896320551951e+00
   1.2409727772819039e+00
   1.2682317486691481e+00
   1.2953638186380392e+00
   1.3223662723076881e+00
   1.3492364077668038e+00
   1.3759715363440794e+00
   1.4025689828772541e+00
   1.4290260859807278e+00
   1.4553401983119398e+00
   1.4815086868362004e+00
   1.5075289330901842e+00
   1.5333983334439671e+00
   1.5591142993614844e+00
   1.5846742576596173e+00
   1.6100756507656078e+00
   1.6353159369729982e+00
   1.6603925906959875e+00
   1.6853031027220933e+00
   1.7100449804632505e+00
   1.7346157482052547e+00
   1.7590129473554215e+00
   1.7832341366886706e+00
   1.8072768925917346e+00
   1.8311388093056986e+00
   1.8548174991667490e+00
   1.8783105928450268e+00
   1.9016157395817770e+00
   1.9247306074245074e+00
   1.9476528834603553e+00
   1.9703802740475451e+00
   1.9929105050448372e+00
   2.0152413220391470e+00
   2.0373704905710674e+00
   2.0592957963584819e+00
   2.0810150455181455e+00
   2.1025260647851667e+00
   2.1238267017304908e+00
   2.1449148249762970e+00
   2.1657883244092146e+00
   2.1864451113915271e+00
   2.2068831189701088e+00
   2.2271003020832736e+00
   2.2470946377654268e+00
   2.2668641253494357e+00
   2.2864067866668796e+00
   2.3057206662459366e+00
   2.3248038315070727e+00
   2.3436543729564412e+00
   2.3622704043769076e+00
   2.3806500630168079e+00
   2.3987915097763599e+00
   2.4166929293916386e+00
   2.4343525306162692e+00
   2.4517685464006145e+00
   2.4689392340686096e+00
   2.4858628754921557e+00
   2.5025377772629955e+00
   2.5189622708622070e+00
   2.5351347128271158e+00
   2.5510534849157622e+00
   2.5667169942688410e+00
   2.5821236735690523e+00
   2.5972719811979461e+00
   2.6121604013901969e+00
   2.6267874443852341e+00
   2.6411516465763549e+00
   2.6552515706571360e+00
   2.6690858057652704e+00
   2.6826529676237549e+00
   2.6959516986793695e+00
   2.7089806682385529e+00
   2.7217385726005232e+00
   2.7342241351877421e+00
   2.7464361066736633e+00
   2.7583732651077124e+00
   2.7700344160375936e+00
   2.7814183926287743e+00
   2.7925240557812581e+00
   2.8033502942435753e+00
   2.8138960247239502e+00
   2.8241601919987138e+00
   2.8341417690178989e+00
   2.8438397570079834e+00
   2.8532531855718593e+00
   2.8623811127859042e+00
   2.8712226252942479e+00
   2.8797768384001694e+00
   2.8880428961545994e+00
   2.8960199714417953e+00
   2.9037072660620797e+00
   2.9111040108117217e+00
   2.9182094655599089e+00
   2.9250229193227941e+00
   2.9315436903346423e+00
   2.9377711261160586e+00
   2.9437046035392598e+00
   2.9493435288904419e+00
   2.9546873379291743e+00
   2.9597354959448658e+00
   2.9644874978102722e+00
   2.9689428680320291e+00
   2.9731011607982447e+00
   2.9769619600230937e+00
   2.9805248793884616e+00
   2.9837895623825998e+00
   2.9867556823357937e+00
   2.9894229424530523e+00
   2.9917910758438087e+00
   2.9938598455486214e+00
   2.9956290445628877e+00
   2.9970984958575557e+00
   2.9982680523968375e+00
   2.9991375971529242e+00
   2.9997070431176929e+00
   2.9999763333114160e+00
   2.9999454407884594e+00
   2.9996143686399823e+00
   2.9989831499936241e+00
   2.9980518480101930e+00
   2.9968205558773442e+00
   2.9952893968002545e+00
   2.9934585239892977e+00
   2.9913281206447091e+00
   2.9888983999382588e+00
   2.9861696049919200e+00
   2.9831420088535383e+00
   2.9798159144695169e+00
   2.9761916546544946e+00
   2.9722695920580531e+00
   2.9680501191284252e+00
   2.9635336580732208e+00
   2.9587206608171903e+00
   2.9536116089569950e+00
   2.9482070137130245e+00
   2.9425074158782416e+00
   2.9365133857640617e+00
   2.9302255231432999e+00
   2.9236444571901496e+00
   2.9167708464172204e+00
   2.9096053786096610e+00
   2.9021487707563205e+00
   2.8944017689780210e+00
   2.8863651484528949e+00
   2.8780397133388069e+00
   2.8694262966929123e+00
   2.8605257603882737e+00
   2.8513389950276418e+00
   2.8418669198543336e+00
   2.8321104826602390e+00
   2.8220706596910028e+00
   2.8117484555483325e+00
   2.8011449030894622e+00
   2.7902610633238316e+00
   2.7790980253068862e+00
   2.7676569060311356e+00
   2.7559388503143700e+00
   2.7439450306850977e+00
   2.7316766472652478e+00
   2.7191349276500514e+00
   2.7063211267852338e+00
   2.6932365268414338e+00
   2.6798824370858894e+00
   2.6662601937514609e+00
   2.6523711599029101e+00
   2.6382167253004951e+00
   2.6237983062609427e+00
   2.6091173455156906e+00
   2.5941753120665587e+00
   2.5789737010387457e+00
   2.5635140335312059e+00
   2.5477978564644843e+00
   2.5318267424258845e+00
   2.5156022895121528e+00
   2.4991261211695539e+00
   2.4823998860314056e+00
   2.4654252577531519e+00
   2.4482039348448756e+00
   2.4307376405013232e+00
   2.4130281224295240e+00
   2.3950771526738595e+00
   2.3768865274387956e+00
   2.3584580669091322e+00
   2.3397936150678520e+00
   2.3208950395116537e+00
   2.3017642312640265e+00
   2.2824031045860762e+00
   2.2628135967849601e+00
   2.2429976680200188e+00
   2.2229573011066850e+00
   2.2026945013180246e+00
   2.1822112961841360e+00
   2.1615097352892496e+00
   2.1405918900666228e+00
   2.1194598535913087e+00
   2.0981157403707029e+00
   2.0765616861329366e+00
   2.0547998476132237e+00
   2.0328324023379967e+00
   2.0106615484070711e+00
   1.9882895042736768e+00
   1.9657185085224533e+00
   1.9429508196455081e+00
   1.9199887158163631e+00
   1.8968344946620559e+00
   1.8734904730332080e+00
   1.8499589867721733e+00
   1.8262423904793597e+00
   1.8023430572775996e+00
   1.7782633785746635e+00
   1.7540057638240327e+00
   1.7295726402837377e+00
   1.7049664527735411e+00
   1.6801896634302793e+00
   1.6552447514614719e+00
   1.6301342128973082e+00
   1.6048605603408195e+00
   1.5794263227165275e+00
   1.5538340450173667e+00
   1.5280862880500030e+00
   1.5021856281786485e+00
   1.4761346570672389e+00
   1.4499359814200803e+00
   1.4235922227210813e+00
   1.3971060169713696e+00
   1.3704800144255946e+00
   1.3437168793267094e+00
   1.3168192896393549e+00
   1.2897899367819647e+00
   1.2626315253573785e+00
   1.2353467728822856e+00
   1.2079384095152741e+00
   1.1804091777836181e+00
   1.1527618323089150e+00
   1.1249991395314236e+00
   1.0971238774332190e+00
   1.0691388352602937e+00
   1.0410468132433803e+00
   1.0128506223178257e+00
   9.8455308384229534e-01
   9.5615702931643098e-01
   9.2766530009759829e-01
   8.9908074711649444e-01
   8.7040623059194955e-01
   8.4164461974469917e-01
   8.1279879251025289e-01
   7.8387163525099635e-01
   7.5486604246729405e-01
   7.2578491650793286e-01
   6.9663116727967711e-01
   6.6740771195606774e-01
   6.3811747468558655e-01
   6.0876338629903048e-01
   5.7934838401621591e-01
   5.4987541115214866e-01
   5.2034741682242747e-01
   4.9076735564822332e-01
   4.6113818746060431e-01
   4.3146287700433761e-01
   4.0174439364130654e-01
   3.7198571105330602e-01
   3.4218980694456558e-01
   3.1235966274376292e-01
   2.8249826330566596e-01
   2.5260859661252610e-01
   2.2269365347506437e-01
   1.9275642723317385e-01
   1.6279991345647515e-01
   1.3282710964448990e-01
   1.0284101492678022e-01
   7.2844629762818636e-02
   4.2840955641725340e-02
   1.2832994782008514e-02
  -1.7176250168927959e-02
  -4.7183776435159891e-02
  -7.7186581412737570e-02
  -1.0718166297016343e-01
  -1.3716601974872641e-01
  -1.6713665146285508e-01
  -1.9709055920036311e-01
  -2.2702474572245096e-01
  -2.5693621576370007e-01
  -2.8682197633170936e-01
  -3.1667903700661143e-01
  -3.4650441024033046e-01
  -3.7629511165544749e-01
  -4.0604816034390662e-01
  -4.3576057916521616e-01
  -4.6542939504437747e-01
  -4.9505163926940815e-01
  -5.2462434778832212e-01
  -5.5414456150580227e-01
  -5.8360932657921849e-01
  -6.1301569471422623e-01
  -6.4236072345980888e-01
  -6.7164147650264183e-01
  -7.0085502396093613e-01
  -7.2999844267763891e-01
  -7.5906881651285618e-01
  -7.8806323663573064e-01
  -8.1697880181543026e-01
  -8.4581261871148339e-01
  -8.7456180216331991e-01
  -9.0322347547889559e-01
  -9.3179477072261907e-01
  -9.6027282900225130e-01
  -9.8865480075500256e-01
  -1.0169378460326937e+00
  -1.0451191347858659e+00
  -1.0731958471469916e+00
  -1.1011651737126633e+00
  -1.1290243158246389e+00
  -1.1567704858499588e+00
  -1.1844009074598127e+00
  -1.2119128159073727e+00
  -1.2393034583044678e+00
  -1.2665700938969753e+00
  -1.2937099943391417e+00
  -1.3207204439665188e+00
  -1.3475987400677263e+00
  -1.3743421931549187e+00
  -1.4009481272328417e+00
  -1.4274138800666267e+00
  -1.4537368034482063e+00
  -1.4799142634612330e+00
  -1.5059436407447069e+00
  -1.5318223307550096e+00
  -1.5575477440265471e+00
  -1.5831173064308821e+00
  -1.6085284594342446e+00
  -1.6337786603536120e+00
  -1.6588653826110737e+00
  -1.6837861159866720e+00
  -1.7085383668696037e+00
  -1.7331196585076833e+00
  -1.7575275312551966e+00
  -1.7817595428190445e+00
  -1.8058132685030608e+00
  -1.8296863014507014e+00
  -1.8533762528858173e+00
  -1.8768807523517070e+00
  -1.9001974479483319e+00
  -1.9233240065675936e+00
  -1.9462581141268549e+00
  -1.9689974758004340e+00
  -1.9915398162492515e+00
  -2.0138828798485302e+00
  -2.0360244309134408e+00
  -2.0579622539228710e+00
  -2.0796941537410589e+00
  -2.1012179558372672e+00
  -2.1225315065033925e+00
  -2.1436326730694213e+00
  -2.1645193441168553e+00
  -2.1851894296900025e+00
  -2.2056408615050511e+00
  -2.2258715931570849e+00
  -2.2458796003247965e+00
  -2.2656628809730712e+00
  -2.2852194555533285e+00
  -2.3045473672015553e+00
  -2.3236446819341667e+00
  -2.3425094888414746e+00
  -2.3611399002789182e+00
  -2.3795340520559658e+00
  -2.3976901036226064e+00
  -2.4156062382535399e+00
  -2.4332806632299828e+00
  -2.4507116100190016e+00
  -2.4678973344505284e+00
  -2.4848361168918420e+00
  -2.5015262624196550e+00
  -2.5179661009897290e+00
  -2.5341539876039407e+00
  -2.5500883024749297e+00
  -2.5657674511881363e+00
  -2.5811898648613596e+00
  -2.5963540003017589e+00
  -2.6112583401602336e+00
  -2.6259013930832711e+00
  -2.6402816938621867e+00
  -2.6543978035797009e+00
  -2.6682483097539591e+00
  -2.6818318264798329e+00
  -2.6951469945676108e+00
  -2.7081924816790157e+00
  -2.7209669824604861e+00
  -2.7334692186738305e+00
  -2.7456979393240992e+00
  -2.7576519207847721e+00
  -2.7693299669202123e+00
  -2.7807309092053245e+00
  -2.7918536068424973e+00
  -2.8026969468757597e+00
  -2.8132598443021219e+00
  -2.8235412421801711e+00
  -2.8335401117358057e+00
  -2.8432554524651881e+00
  -2.8526862922348633e+00
  -2.8618316873790137e+00
  -2.8706907227939062e+00
  -2.8792625120294391e+00
  -2.8875461973778487e+00
  -2.8955409499595461e+00
  -2.9032459698060311e+00
  -2.9106604859399634e+00
  -2.9177837564522893e+00
  -2.9246150685764851e+00
  -2.9311537387598858e+00
  -2.9373991127320682e+00
  -2.9433505655703249e+00
  -2.9490075017622015e+00
  -2.9543693552650709e+00
  -2.9594355895627871e+00
  -2.9642056977193576e+00
  -2.9686792024296738e+00
  -2.9728556560672743e+00
  -2.9767346407291280e+00
  -2.9803157682774559e+00
  -2.9835986803785657e+00
  -2.9865830485387064e+00
  -2.9892685741369447e+00
  -2.9916549884550352e+00
  -2.9937420527043161e+00
  -2.9955295580496033e+00
  -2.9970173256300798e+00
  -2.9982052065772020e+00
  -2.9990930820295878e+00
  -2.9996808631449143e+00
  -2.9999684911088078e+00
  -2.9999559371407258e+00
  -2.9996432024968405e+00
  -2.9990303184699094e+00
  -2.9981173463861479e+00
  -2.9969043775990900e+00
  -2.9953915334804475e+00
  -2.9935789654079685e+00
  -2.9914668547502856e+00
  -2.9890554128487716e+00
  -2.9863448809963899e+00
  -2.9833355304135516e+00
  -2.9800276622209787e+00
  -2.9764216074095664e+00
  -2.9725177268072729e+00
  -2.9683164110430069e+00
  -2.9638180805075454e+00
  -2.9590231853114677e+00
  -2.9539322052401111e+00
  -2.9485456497055735e+00
  -2.9428640576957283e+00
  -2.9368879977203037e+00
  -2.9306180677539917e+00
  -2.9240548951766083e+00
  -2.9171991367103272e+00
  -2.9100514783539628e+00
  -2.9026126353143211e+00
  -2.8948833519346495e+00
  -2.8868644016201386e+00
  -2.8785565867605509e+00
  -2.8699607386499255e+00
  -2.8610777174033881e+00
  -2.8519084118711064e+00
  -2.8424537395493275e+00
  -2.8327146464885917e+00
  -2.8226921071990612e+00
  -2.8123871245529988e+00
  -2.8018007296844369e+00
  -2.7909339818859937e+00
  -2.7797879685028644e+00
  -2.7683638048240478e+00
  -2.7566626339707168e+00
  -2.7446856267818638e+00
  -2.7324339816971328e+00
  -2.7199089246368877e+00
  -2.7071117088795762e+00
  -2.6940436149362887e+00
  -2.6807059504226589e+00
  -2.6671000499280089e+00
  -2.6532272748817949e+00
  -2.6390890134174052e+00
  -2.6246866802332511e+00
  -2.6100217164511914e+00
  -2.5950955894723693e+00
  -2.5799097928303381e+00
  -2.5644658460416538e+00
  -2.5487652944538146e+00
  -2.5328097090906132e+00
  -2.5166006864949750e+00
  -2.5001398485691624e+00
  -2.4834288424125255e+00
  -2.4664693401566695e+00
  -2.4492630387981236e+00
  -2.4318116600285711e+00
  -2.4141169500625574e+00
  -2.3961806794627400e+00
  -2.3780046429627695e+00
  -2.3595906592876514e+00
  -2.3409405709718096e+00
  -2.3220562441746986e+00
  -2.3029395684940517e+00
  -2.2835924567768533e+00
  -2.2640168449278795e+00
  -2.2442146917160386e+00
  -2.2241879785783505e+00
  -2.2039387094216627e+00
  -2.1834689104221825e+00
  -2.1627806298226777e+00
  -2.1418759377275784e+00
  -2.1207569258958143e+00
  -2.0994257075314904e+00
  -2.0778844170724784e+00
  -2.0561352099768206e+00
  -2.0341802625070269e+00
  -2.0120217715123694e+00
  -1.9896619542089979e+00
  -1.9671030479581391e+00
  -1.9443473100421951e+00
  -1.9213970174388562e+00
  -1.8982544665933152e+00
  -1.8749219731884192e+00
  -1.8514018719130125e+00
  -1.8276965162283032e+00
  -1.8038082781323428e+00
  -1.7797395479227325e+00
  -1.7554927339574213e+00
  -1.7310702624136933e+00
  -1.7064745770454639e+00
  -1.6817081389386814e+00
  -1.6567734262651284e+00
  -1.6316729340344274e+00
  -1.6064091738443569e+00
  -1.5809846736295996e+00
  -1.5554019774087220e+00
  -1.5296636450296779e+00
  -1.5037722519136389e+00
  -1.4777303887972668e+00
  -1.4515406614735333e+00
  -1.4252056905309529e+00
  -1.3987281110913365e+00
  -1.3721105725461791e+00
  -1.3453557382914834e+00
  -1.3184662854613221e+00
  -1.2914449046599314e+00
  -1.2642942996924542e+00
  -1.2370171872944613e+00
  -1.2096162968600330e+00
  -1.1820943701687190e+00
  -1.1544541611111609e+00
  -1.1266984354135063e+00
  -1.0988299703607223e+00
  -1.0708515545186676e+00
  -1.0427659874550328e+00
  -1.0145760794592817e+00
  -9.8628465126136822e-01
  -9.5789453374955991e-01
  -9.2940856768714497e-01
  -9.0082960342814911e-01
  -8.7216050063219563e-01
  -8.4340412797828246e-01
  -8.1456336287780773e-01
  -7.8564109118662095e-01
  -7.5664020691622813e-01
  -7.2756361194428498e-01
  -6.9841421572414664e-01
  -6.6919493499381533e-01
  -6.3990869348405643e-01
  -6.1055842162581275e-01
  -5.8114705625704366e-01
  -5.5167754032882887e-01
  -5.2215282261086016e-01
  -4.9257585739645587e-01
  -4.6294960420686537e-01
  -4.3327702749520797e-01
  -4.0356109634981302e-01
  -3.7380478419709662e-01
  -3.4401106850410879e-01
  -3.1418293048051904e-01
  -2.8432335478038545e-01
  -2.5443532920347323e-01
  -2.2452184439625869e-01
  -1.9458589355274369e-01
  -1.6463047211491980e-01
  -1.3465857747300730e-01
  -1.0467320866560585e-01
  -7.4677366079520274e-02
  -4.4674051149611399e-02
  -1.4666266058435497e-02
   1.5342986564191249e-02
   4.5350703941566345e-02
   7.5353883450649153e-02
   1.0534952292243389e-01
   1.3533462094238363e-01
   1.6530617715078902e-01
   1.9526119254292529e-01
   2.2519666976916983e-01
   2.5510961343495397e-01
   2.8499703040041269e-01
   3.1485593007996843e-01
   3.4468332474149965e-01
   3.7447622980533052e-01
   4.0423166414290429e-01
   4.3394665037500663e-01
   4.6361821516977120e-01
   4.9324338954012259e-01
   5.2281920914088997e-01
   5.5234271456545625e-01
   5.8181095164181751e-01
   6.1122097172821444e-01
   6.4056983200821049e-01
   6.6985459578508044e-01
   6.9907233277574576e-01
   7.2822011940391063e-01
   7.5729503909263118e-01
   7.8629418255618355e-01
   8.1521464809110089e-01
   8.4405354186660364e-01
   8.7280797821409051e-01
   9.0147507991591347e-01
   9.3005197849330745e-01
   9.5853581449334468e-01
   9.8692373777513698e-01
   1.0152129077949548e+00
   1.0434004938904877e+00
   1.0714836755641146e+00
   1.0994596427650685e+00
   1.1273255961706434e+00
   1.1550787474663307e+00
   1.1827163196247521e+00
   1.2102355471836130e+00
   1.2376336765223508e+00
   1.2649079661376963e+00
   1.2920556869180215e+00
   1.3190741224163522e+00
   1.3459605691222574e+00
   1.3727123367322991e+00
   1.3993267484192582e+00
   1.4258011411000104e+00
   1.4521328657019426e+00
   1.4783192874280506e+00
   1.5043577860206114e+00
   1.5302457560233036e+00
   1.5559806070419886e+00
   1.5815597640038455e+00
   1.6069806674150640e+00
   1.6322407736169808e+00
   1.6573375550405367e+00
   1.6822685004592628e+00
   1.7070311152404956e+00
   1.7316229215950198e+00
   1.7560414588250282e+00
   1.7802842835702886e+00
   1.8043489700526580e+00
   1.8282331103188365e+00
   1.8519343144812497e+00
   1.8754502109572542e+00
   1.8987784467063822e+00
   1.9219166874658162e+00
   1.9448626179839850e+00
   1.9676139422521723e+00
   1.9901683837343258e+00
   2.0125236855947950e+00
   2.0346776109241769e+00
   2.0566279429631686e+00
   2.0783724853243273e+00
   2.0999090622119030e+00
   2.1212355186395029e+00
   2.1423497206457411e+00
   2.1632495555077935e+00
   2.1839329319527518e+00
   2.2043977803669055e+00
   2.2246420530028495e+00
   2.2446637241843366e+00
   2.2644607905090273e+00
   2.2840312710489035e+00
   2.3033732075485047e+00
   2.3224846646208954e+00
   2.3413637299412740e+00
   2.3600085144383800e+00
   2.3784171524834674e+00
   2.3965878020770059e+00
   2.4145186450330121e+00
   2.4322078871609412e+00
   2.4496537584452382e+00
   2.4668545132224651e+00
   2.4838084303559316e+00
   2.5005138134079665e+00
   2.5169689908096209e+00
   2.5331723160279473e+00
   2.5491221677307729e+00
   2.5648169499488906e+00
   2.5802550922358010e+00
   2.5954350498248151e+00
   2.6103553037836420e+00
   2.6250143611663916e+00
   2.6394107551629320e+00
   2.6535430452456734e+00
   2.6674098173137262e+00
   2.6810096838343651e+00
   2.6943412839819043e+00
   2.7074032837738318e+00
   2.7201943762043053e+00
   2.7327132813749442e+00
   2.7449587466228706e+00
   2.7569295466460844e+00
   2.7686244836260410e+00
   2.7800423873475211e+00
   2.7911821153157330e+00
   2.8020425528706108e+00
   2.8126226132983621e+00
   2.8229212379402151e+00
   2.8329373962983246e+00
   2.8426700861389169e+00
   2.8521183335925455e+00
   2.8612811932515538e+00
   2.8701577482646798e+00
   2.8787471104287774e+00
   2.8870484202777162e+00
   2.8950608471683599e+00
   2.9027835893636897e+00
   2.9102158741130379e+00
   2.9173569577293899e+00
   2.9242061256638210e+00
   2.9307626925769754e+00
   2.9370260024076531e+00
   2.9429954284384605e+00
   2.9486703733585093e+00
   2.9540502693231900e+00
   2.9591345780109983e+00
   2.9639227906773851e+00
   2.9684144282056786e+00
   2.9726090411550130e+00
   2.9765062098053061e+00
   2.9801055441992594e+00
   2.9834066841813707e+00
   2.9864092994339808e+00
   2.9891130895103162e+00
   2.9915177838645590e+00
   2.9936231418789174e+00
   2.9954289528876998e+00
   2.9969350361983951e+00
   2.9981412411097557e+00
   2.9990474469268729e+00
   2.9996535629732572e+00
   2.9999595285999092e+00
   2.9999653131913897e+00
   2.9996709161688830e+00
   2.9990763669902547e+00
   2.9981817251471021e+00
   2.9969870801588052e+00
   2.9954925515635660e+00
   2.9936982889064487e+00
   2.9916044717244166e+00
   2.9892113095283661e+00
   2.9865190417821608e+00
   2.9835279378786774e+00
   2.9802382971128401e+00
   2.9766504486516796e+00
   2.9727647515013964e+00
   2.9685815944714307e+00
   2.9641013961355673e+00
   2.9593246047900430e+00
   2.9542516984086973e+00
   2.9488831845951422e+00
   2.9432196005319673e+00
   2.9372615129269932e+00
   2.9310095179565678e+00
   2.9244642412059001e+00
   2.9176263376064790e+00
   2.9104964913705249e+00
   2.9030754159225389e+00
   2.8953638538279112e+00
   2.8873625767186097e+00
   2.8790723852159896e+00
   2.8704941088506590e+00
   2.8616286059794924e+00
   2.8524767636997370e+00
   2.8430394977602371e+00
   2.8333177524698243e+00
   2.8233125006028037e+00
   2.8130247433016384e+00
   2.8024555099767654e+00
   2.7916058582035768e+00
   2.7804768736166232e+00
   2.7690696698009694e+00
   2.7573853881807544e+00
   2.7454251979050110e+00
   2.7331902957306404e+00
   2.7206819059026968e+00
   2.7079012800318703e+00
   2.6948496969692406e+00
   2.6815284626783384e+00
   2.6679389101044366e+00
   2.6540823990412039e+00
   2.6399603159946281e+00
   2.6255740740442652e+00
   2.6109251127018727e+00
   2.5960148977673581e+00
   2.5808449211820879e+00
   2.5654167008796422e+00
   2.5497317806338846e+00
   2.5337917299045234e+00
   2.5175981436800599e+00
   2.5011526423181651e+00
   2.4844568713835926e+00
   2.4675125014834678e+00
   2.4503212281001687e+00
   2.4328847714216537e+00
   2.4152048761693203e+00
   2.3972833114234597e+00
   2.3791218704462223e+00
   2.3607223705021623e+00
   2.3420866526764432e+00
   2.3232165816905632e+00
   2.3041140457158158e+00
   2.2847809561843349e+00
   2.2652192475978139e+00
   2.2454308773339831e+00
   2.2254178254506973e+00
   2.2051820944878564e+00
   2.1847257092670058e+00
   2.1640507166887080e+00
   2.1431591855277778e+00
   2.1220532062262190e+00
   2.1007348906841004e+00
   2.0792063720482163e+00
   2.0574698044986155e+00
   2.0355273630330970e+00
   2.0133812432495524e+00
   1.9910336611262476e+00
   1.9684868528001442e+00
   1.9457430743430819e+00
   1.9228046015360909e+00
   1.8996737296416475e+00
   1.8763527731739824e+00
   1.8528440656675440e+00
   1.8291499594434342e+00
   1.8052728253740902e+00
   1.7812150526460260e+00
   1.7569790485207395e+00
   1.7325672380938910e+00
   1.7079820640526171e+00
   1.6832259864310846e+00
   1.6583014823643984e+00
   1.6332110458406628e+00
   1.6079571874514924e+00
   1.5825424341407697e+00
   1.5569693289517699e+00
   1.5312404307727605e+00
   1.5053583140808846e+00
   1.4793255686846152e+00
   1.4531447994645905e+00
   1.4268186261129345e+00
   1.4003496828711832e+00
   1.3737406182666703e+00
   1.3469940948474814e+00
   1.3201127889161031e+00
   1.2930993902615493e+00
   1.2659566018902850e+00
   1.2386871397557297e+00
   1.2112937324864657e+00
   1.1837791211132731e+00
   1.1561460587947823e+00
   1.1283973105420546e+00
   1.1005356529418830e+00
   1.0725638738789303e+00
   1.0444847722568302e+00
   1.0163011577180932e+00
   9.8801585036293949e-01
   9.5963168046718472e-01
   9.3115148819895799e-01
   9.0257812333457976e-01
   8.7391444497337878e-01
   8.4516332125157434e-01
   8.1632762905535794e-01
   7.8741025373294493e-01
   7.5841408880593331e-01
   7.2934203567974287e-01
   7.0019700335326363e-01
   6.7098190812785019e-01
   6.4169967331542765e-01
   6.1235322894605326e-01
   5.8294551147470142e-01
   5.5347946348740562e-01
   5.2395803340688085e-01
   4.9438417519746863e-01
   4.6476084806952600e-01
   4.3509101618339618e-01
   4.0537764835272511e-01
   3.7562371774747061e-01
   3.4583220159637068e-01
   3.1600608088900495e-01
   2.8614834007758605e-01
   2.5626196677824520e-01
   2.2634995147216080e-01
   1.9641528720629411e-01
   1.6646096929386753e-01
   1.3648999501471273e-01
   1.0650536331532558e-01
   7.6510074508754661e-02
   4.6507129974459376e-02
   1.6499531857901581e-02
  -1.3509717229779568e-02
  -4.3517614512245943e-02
  -7.3521157348455296e-02
  -1.0351734353303607e-01
  -1.3350317159677827e-01
  -1.6347564110689117e-01
  -1.9343175296726350e-01
  -2.2336850971859015e-01
  -2.5328291583823903e-01
  -2.8317197804002014e-01
  -3.1303270557373075e-01
  -3.4286211052434068e-01
  -3.7265720811105274e-01
  -4.0241501698589111e-01
  -4.3213255953205154e-01
  -4.6180686216187872e-01
  -4.9143495561433437e-01
  -5.2101387525219089e-01
  -5.5054066135860447e-01
  -5.8001235943330087e-01
  -6.0942602048823891e-01
  -6.3877870134262882e-01
  -6.6806746491746283e-01
  -6.9728938052943601e-01
  -7.2644152418412222e-01
  -7.5552097886863678e-01
  -7.8452483484344615e-01
  -8.1345018993355134e-01
  -8.4229414981891593e-01
  -8.7105382832400480e-01
  -8.9972634770666104e-01
  -9.2830883894598726e-01
  -9.5679844202945430e-01
  -9.8519230623910992e-01
  -1.0134875904367551e+00
  -1.0416814633483145e+00
  -1.0697711038470679e+00
  -1.0977537012359666e+00
  -1.1256264555289073e+00
  -1.1533865777308430e+00
  -1.1810312901168845e+00
  -1.2085578265102741e+00
  -1.2359634325591053e+00
  -1.2632453660120055e+00
  -1.2904008969924621e+00
  -1.3174273082720092e+00
  -1.3443218955421450e+00
  -1.3710819676848638e+00
  -1.3977048470420093e+00
  -1.4241878696831392e+00
  -1.4505283856721118e+00
  -1.4767237593322711e+00
  -1.5027713695101188e+00
  -1.5286686098376228e+00
  -1.5544128889930398e+00
  -1.5800016309601452e+00
  -1.6054322752860635e+00
  -1.6307022773374120e+00
  -1.6558091085549447e+00
  -1.6807502567065939e+00
  -1.7055232261387843e+00
  -1.7301255380262230e+00
  -1.7545547306198745e+00
  -1.7788083594933135e+00
  -1.8028839977873439e+00
  -1.8267792364527824e+00
  -1.8504916844915393e+00
  -1.8740189691958888e+00
  -1.8973587363858302e+00
  -1.9205086506447155e+00
  -1.9434663955528779e+00
  -1.9662296739194418e+00
  -1.9887962080122077e+00
  -2.0111637397855096e+00
  -2.0333300311062228e+00
  -2.0552928639776589e+00
  -2.0770500407615273e+00
  -2.0985993843978585e+00
  -2.1199387386227944e+00
  -2.1410659681843756e+00
  -2.1619789590562184e+00
  -2.1826756186489948e+00
  -2.2031538760198801e+00
  -2.2234116820797256e+00
  -2.2434470097981154e+00
  -2.2632578544062123e+00
  -2.2828422335973126e+00
  -2.3021981877252551e+00
  -2.3213237800004545e+00
  -2.3402170966837255e+00
  -2.3588762472777902e+00
  -2.3772993647164018e+00
  -2.3954846055512156e+00
  -2.4134301501362048e+00
  -2.4311342028097549e+00
  -2.4485949920743617e+00
  -2.4658107707738490e+00
  -2.4827798162682155e+00
  -2.4995004306060187e+00
  -2.5159709406942365e+00
  -2.5321896984657242e+00
  -2.5481550810440838e+00
  -2.5638654909060690e+00
  -2.5793193560414513e+00
  -2.5945151301102811e+00
  -2.6094512925976607e+00
  -2.6241263489658495e+00
  -2.6385388308038293e+00
  -2.6526872959742493e+00
  -2.6665703287576985e+00
  -2.6801865399943816e+00
  -2.6935345672231326e+00
  -2.7066130748177137e+00
  -2.7194207541204976e+00
  -2.7319563235733790e+00
  -2.7442185288460288e+00
  -2.7562061429614113e+00
  -2.7679179664185316e+00
  -2.7793528273124921e+00
  -2.7905095814517269e+00
  -2.8013871124725021e+00
  -2.8119843319506352e+00
  -2.8223001795103793e+00
  -2.8323336229305398e+00
  -2.8420836582477693e+00
  -2.8515493098570008e+00
  -2.8607296306090975e+00
  -2.8696237019056019e+00
  -2.8782306337906620e+00
  -2.8865495650400907e+00
  -2.8945796632475220e+00
  -2.9023201249077242e+00
  -2.9097701754969805e+00
  -2.9169290695506001e+00
  -2.9237960907375147e+00
  -2.9303705519319401e+00
  -2.9366517952821507e+00
  -2.9426391922762889e+00
  -2.9483321438052603e+00
  -2.9537300802226900e+00
  -2.9588324614019088e+00
  -2.9636387767900061e+00
  -2.9681485454589218e+00
  -2.9723613161535551e+00
  -2.9762766673369327e+00
  -2.9798942072323782e+00
  -2.9832135738627166e+00
  -2.9862344350864993e+00
  -2.9889564886312301e+00
  -2.9913794621236192e+00
  -2.9935031131168310e+00
  -2.9953272291147472e+00
  -2.9968516275932311e+00
  -2.9980761560183860e+00
  -2.9990006918618213e+00
  -2.9996251426129152e+00
  -2.9999494457880669e+00
  -2.9999735689369498e+00
  -2.9996975096457614e+00
  -2.9991212955374631e+00
  -2.9982449842690144e+00
  -2.9970686635256061e+00
  -2.9955924510118850e+00
  -2.9938164944401788e+00
  -2.9917409715157115e+00
  -2.9893660899188239e+00
  -2.9866920872841947e+00
  -2.9837192311770608e+00
  -2.9804478190664412e+00
  -2.9768781782953782e+00
  -2.9730106660481757e+00
  -2.9688456693146654e+00
  -2.9643836048514811e+00
  -2.9596249191403539e+00
  -2.9545700883434431e+00
  -2.9492196182556842e+00
  -2.9435740442541838e+00
  -2.9376339312446480e+00
  -2.9313998736048474e+00
  -2.9248724951251588e+00
  -2.9180524489461384e+00
  -2.9109404174931619e+00
  -2.9035371124081557e+00
  -2.8958432744783691e+00
  -2.8878596735622697e+00
  -2.8795871085124984e+00
  -2.8710264070959308e+00
  -2.8621784259108658e+00
  -2.8530440503012922e+00
  -2.8436241942683171e+00
  -2.8339198003787067e+00
  -2.8239318396705539e+00
  -2.8136613115561433e+00
  -2.8031092437219187e+00
  -2.7922766920256761e+00
  -2.7811647403909028e+00
  -2.7697745006983059e+00
  -2.7581071126745784e+00
  -2.7461637437783457e+00
  -2.7339455890833340e+00
  -2.7214538711588205e+00
  -2.7086898399472639e+00
  -2.6956547726392661e+00
  -2.6823499735457603e+00
  -2.6687767739674850e+00
  -2.6549365320618055e+00
  -2.6408306327067752e+00
  -2.6264604873625967e+00
  -2.6118275339303763e+00
  -2.5969332366082241e+00
  -2.5817790857447815e+00
  -2.5663665976900738e+00
  -2.5506973146437688e+00
  -2.5347728045008973e+00
  -2.5185946606949239e+00
  -2.5021645020383443e+00
  -2.4854839725606879e+00
  -2.4685547413439952e+00
  -2.4513785023558468e+00
  -2.4339569742798162e+00
  -2.4162919003435386e+00
  -2.3983850481442581e+00
  -2.3802382094719450e+00
  -2.3618532001300405e+00
  -2.3432318597537467e+00
  -2.3243760516259320e+00
  -2.3052876624907293e+00
  -2.2859686023646955e+00
  -2.2664208043457390e+00
  -2.2466462244196679e+00
  -2.2266468412644529e+00
  -2.2064246560522838e+00
  -2.1859816922492747e+00
  -2.1653199954130393e+00
  -2.1444416329879918e+00
  -2.1233486940984485e+00
  -2.1020432893396332e+00
  -2.0805275505664653e+00
  -2.0588036306802193e+00
  -2.0368737034131543e+00
  -2.0147399631109475e+00
  -1.9924046245131761e+00
  -1.9698699225316856e+00
  -1.9471381120269351e+00
  -1.9242114675824284e+00
  -1.9010922832770523e+00
  -1.8777828724555814e+00
  -1.8542855674971788e+00
  -1.8306027195819889e+00
  -1.8067366984559312e+00
  -1.7826898921935146e+00
  -1.7584647069589394e+00
  -1.7340635667653097e+00
  -1.7094889132320539e+00
  -1.6847432053406655e+00
  -1.6598289191886275e+00
  -1.6347485477416228e+00
  -1.6095046005841458e+00
  -1.5840996036683179e+00
  -1.5585360990611994e+00
  -1.5328166446903990e+00
  -1.5069438140880955e+00
  -1.4809201961335903e+00
  -1.4547483947941855e+00
  -1.4284310288646922e+00
  -1.4019707317053607e+00
  -1.3753701509783545e+00
  -1.3486319483828770e+00
  -1.3217587993888091e+00
  -1.2947533929689681e+00
  -1.2676184313301120e+00
  -1.2403566296424748e+00
  -1.2129707157681509e+00
  -1.1854634299881091e+00
  -1.1578375247279680e+00
  -1.1300957642826519e+00
  -1.1022409245397120e+00
  -1.0742757927016344e+00
  -1.0462031670069205e+00
  -1.0180258564500586e+00
  -9.8974668050051107e-01
  -9.6136846882056570e-01
  -9.3289406098216199e-01
  -9.0432630618283072e-01
  -8.7566806296051736e-01
  -8.4692219890762277e-01
  -8.1809159038403667e-01
  -7.8917912222929376e-01
  -7.6018768747398258e-01
  -7.3112018705018300e-01
  -7.0197952950126508e-01
  -6.7276863069082538e-01
  -6.4349041351088843e-01
  -6.1414780758951104e-01
  -5.8474374899755444e-01
  -5.5528117995496984e-01
  -5.2576304853636335e-01
  -4.9619230837597511e-01
  -4.6657191837219647e-01
  -4.3690484239146654e-01
  -4.0719404897167055e-01
  -3.7744251102517723e-01
  -3.4765320554127915e-01
  -3.1782911328838465e-01
  -2.8797321851572516e-01
  -2.5808850865471411e-01
  -2.2817797402009427e-01
  -1.9824460751063619e-01
  -1.6829140430973866e-01
  -1.3832136158569341e-01
  -1.0833747819175138e-01
  -7.8342754366116374e-02
  -4.8340191431704198e-02
  -1.8332791495793171e-02
   1.1676442850297175e-02
   4.1684508831735759e-02
   7.1688403790568053e-02
   1.0168512548619915e-01
   1.3167167239583499e-01
   1.6164504401474514e-01
   1.9160224115658386e-01
   2.2154026625341888e-01
   2.5145612365570535e-01
   2.8134681993206745e-01
   3.1120936416876221e-01
   3.4104076826898766e-01
   3.7083804725190850e-01
   4.0059821955126390e-01
   4.3031830731379328e-01
   4.5999533669713066e-01
   4.8962633816740497e-01
   5.1920834679640759e-01
   5.4873840255819406e-01
   5.7821355062535484e-01
   6.0763084166460479e-01
   6.3698733213193204e-01
   6.6628008456716381e-01
   6.9550616788783159e-01
   7.2466265768249161e-01
   7.5374663650337759e-01
   7.8275519415825201e-01
   8.1168542800168952e-01
   8.4053444322544624e-01
   8.6929935314815165e-01
   8.9797727950418404e-01
   9.2656535273160534e-01
   9.5506071225937328e-01
   9.8346050679350561e-01
   1.0117618946024156e+00
   1.0399620438012900e+00
   1.0680581326353826e+00
   1.0960473497624430e+00
   1.1239268945339564e+00
   1.1516939772754085e+00
   1.1793458195654567e+00
   1.2068796545138833e+00
   1.2342927270384856e+00
   1.2615822941407830e+00
   1.2887456251804177e+00
   1.3157800021484651e+00
   1.3426827199393345e+00
   1.3694510866214757e+00
   1.3960824237067673e+00
   1.4225740664184627e+00
   1.4489233639579098e+00
   1.4751276797697268e+00
   1.5011843918056496e+00
   1.5270908927869256e+00
   1.5528445904651484e+00
   1.5784429078816677e+00
   1.6038832836254735e+00
   1.6291631720894317e+00
   1.6542800437250718e+00
